102 D 001 1
104 D 001 0
106 D 001 0
108 D 001 0
110 D 001 0
112 D 001 0
114 D 001 0
116 D 001 1
118 D 001 0
120 D 001 0
122 D 001 0
124 D 001 1
126 D 001 0
128 D 001 0
130 D 001 0
132 D 001 0
134 D 001 0
136 D 001 0
138 D 001 0
140 D 001 0
142 D 001 0
144 D 001 0
146 D 001 0
148 D 001 0
150 D 001 1
152 D 001 0
154 D 001 0
156 D 001 0
158 D 001 0
160 D 001 0
162 D 001 0
164 D 001 0
166 D 001 1
168 D 001 0
170 D 001 0
172 D 001 0
174 D 001 0
176 D 001 0
178 D 001 1
180 D 001 1
182 D 001 0
184 D 001 0
186 D 001 1
188 D 001 0
190 D 001 0
192 D 001 0
194 D 001 0
196 D 001 0
198 D 001 0
200 D 001 0
102 D 002 1
104 D 002 0
106 D 002 0
108 D 002 0
110 D 002 0
112 D 002 1
114 D 002 1
116 D 002 0
118 D 002 0
120 D 002 1
122 D 002 1
124 D 002 1
126 D 002 1
128 D 002 0
130 D 002 1
132 D 002 1
134 D 002 1
136 D 002 0
138 D 002 1
140 D 002 0
142 D 002 1
144 D 002 0
146 D 002 0
148 D 002 1
150 D 002 1
152 D 002 0
154 D 002 1
156 D 002 0
158 D 002 1
160 D 002 0
162 D 002 1
164 D 002 1
166 D 002 1
168 D 002 1
170 D 002 0
172 D 002 0
174 D 002 0
176 D 002 0
178 D 002 1
180 D 002 1
182 D 002 1
184 D 002 1
186 D 002 1
188 D 002 0
190 D 002 1
192 D 002 0
194 D 002 0
196 D 002 1
198 D 002 0
200 D 002 1
102 D 003 1
104 D 003 1
106 D 003 1
108 D 003 1
110 D 003 1
112 D 003 1
114 D 003 1
116 D 003 1
118 D 003 1
120 D 003 1
122 D 003 1
124 D 003 1
126 D 003 1
128 D 003 1
130 D 003 1
132 D 003 1
134 D 003 1
136 D 003 1
138 D 003 1
140 D 003 1
142 D 003 1
144 D 003 1
146 D 003 1
148 D 003 1
150 D 003 1
152 D 003 1
154 D 003 1
156 D 003 1
158 D 003 1
160 D 003 1
162 D 003 1
164 D 003 1
166 D 003 1
168 D 003 1
170 D 003 1
172 D 003 1
174 D 003 1
176 D 003 1
178 D 003 1
180 D 003 1
182 D 003 0
184 D 003 1
186 D 003 1
188 D 003 1
190 D 003 1
192 D 003 1
194 D 003 1
196 D 003 1
198 D 003 1
200 D 003 1
102 D 004 1
104 D 004 1
106 D 004 1
108 D 004 1
110 D 004 1
112 D 004 1
114 D 004 1
116 D 004 1
118 D 004 1
120 D 004 1
122 D 004 1
124 D 004 1
126 D 004 1
128 D 004 1
130 D 004 1
132 D 004 1
134 D 004 1
136 D 004 1
138 D 004 1
140 D 004 1
142 D 004 1
144 D 004 1
146 D 004 1
148 D 004 1
150 D 004 1
152 D 004 1
154 D 004 1
156 D 004 1
158 D 004 1
160 D 004 1
162 D 004 1
164 D 004 1
166 D 004 1
168 D 004 1
170 D 004 1
172 D 004 1
174 D 004 1
176 D 004 1
178 D 004 1
180 D 004 1
182 D 004 1
184 D 004 1
186 D 004 1
188 D 004 1
190 D 004 1
192 D 004 1
194 D 004 0
196 D 004 1
198 D 004 1
200 D 004 1
102 D 005 1
104 D 005 1
106 D 005 0
108 D 005 1
110 D 005 0
112 D 005 0
114 D 005 0
116 D 005 0
118 D 005 1
120 D 005 0
122 D 005 0
124 D 005 1
126 D 005 1
128 D 005 0
130 D 005 0
132 D 005 0
134 D 005 1
136 D 005 1
138 D 005 1
140 D 005 1
142 D 005 0
144 D 005 0
146 D 005 0
148 D 005 0
150 D 005 0
152 D 005 0
154 D 005 0
156 D 005 1
158 D 005 1
160 D 005 0
162 D 005 0
164 D 005 1
166 D 005 1
168 D 005 1
170 D 005 0
172 D 005 0
174 D 005 0
176 D 005 0
178 D 005 1
180 D 005 0
182 D 005 1
184 D 005 1
186 D 005 0
188 D 005 1
190 D 005 1
192 D 005 1
194 D 005 0
196 D 005 1
198 D 005 0
200 D 005 0
102 D 006 1
104 D 006 0
106 D 006 1
108 D 006 0
110 D 006 1
112 D 006 1
114 D 006 1
116 D 006 1
118 D 006 0
120 D 006 1
122 D 006 1
124 D 006 1
126 D 006 0
128 D 006 0
130 D 006 0
132 D 006 1
134 D 006 1
136 D 006 1
138 D 006 1
140 D 006 1
142 D 006 0
144 D 006 0
146 D 006 1
148 D 006 1
150 D 006 1
152 D 006 0
154 D 006 1
156 D 006 0
158 D 006 0
160 D 006 1
162 D 006 1
164 D 006 1
166 D 006 1
168 D 006 1
170 D 006 0
172 D 006 1
174 D 006 1
176 D 006 1
178 D 006 1
180 D 006 1
182 D 006 1
184 D 006 0
186 D 006 1
188 D 006 0
190 D 006 1
192 D 006 1
194 D 006 0
196 D 006 1
198 D 006 1
200 D 006 1
102 D 007 0
104 D 007 1
106 D 007 0
108 D 007 0
110 D 007 1
112 D 007 0
114 D 007 1
116 D 007 0
118 D 007 0
120 D 007 1
122 D 007 0
124 D 007 1
126 D 007 0
128 D 007 1
130 D 007 0
132 D 007 1
134 D 007 1
136 D 007 1
138 D 007 1
140 D 007 0
142 D 007 0
144 D 007 0
146 D 007 1
148 D 007 1
150 D 007 1
152 D 007 0
154 D 007 0
156 D 007 0
158 D 007 0
160 D 007 0
162 D 007 0
164 D 007 1
166 D 007 1
168 D 007 1
170 D 007 1
172 D 007 1
174 D 007 1
176 D 007 0
178 D 007 0
180 D 007 1
182 D 007 1
184 D 007 0
186 D 007 0
188 D 007 0
190 D 007 1
192 D 007 0
194 D 007 0
196 D 007 0
198 D 007 1
200 D 007 0
102 D 008 1
104 D 008 1
106 D 008 1
108 D 008 1
110 D 008 1
112 D 008 0
114 D 008 1
116 D 008 0
118 D 008 1
120 D 008 1
122 D 008 1
124 D 008 1
126 D 008 1
128 D 008 0
130 D 008 1
132 D 008 1
134 D 008 1
136 D 008 0
138 D 008 1
140 D 008 1
142 D 008 0
144 D 008 1
146 D 008 1
148 D 008 1
150 D 008 1
152 D 008 1
154 D 008 1
156 D 008 1
158 D 008 0
160 D 008 1
162 D 008 0
164 D 008 1
166 D 008 1
168 D 008 1
170 D 008 0
172 D 008 1
174 D 008 1
176 D 008 1
178 D 008 1
180 D 008 1
182 D 008 1
184 D 008 1
186 D 008 0
188 D 008 1
190 D 008 1
192 D 008 0
194 D 008 0
196 D 008 1
198 D 008 0
200 D 008 1
102 D 009 1
104 D 009 1
106 D 009 1
108 D 009 0
110 D 009 0
112 D 009 1
114 D 009 0
116 D 009 1
118 D 009 0
120 D 009 0
122 D 009 1
124 D 009 1
126 D 009 1
128 D 009 1
130 D 009 1
132 D 009 1
134 D 009 1
136 D 009 0
138 D 009 1
140 D 009 0
142 D 009 0
144 D 009 1
146 D 009 1
148 D 009 1
150 D 009 1
152 D 009 1
154 D 009 1
156 D 009 0
158 D 009 1
160 D 009 1
162 D 009 1
164 D 009 1
166 D 009 1
168 D 009 1
170 D 009 1
172 D 009 1
174 D 009 1
176 D 009 1
178 D 009 1
180 D 009 1
182 D 009 1
184 D 009 1
186 D 009 1
188 D 009 1
190 D 009 1
192 D 009 1
194 D 009 1
196 D 009 1
198 D 009 1
200 D 009 1
102 D 010 1
104 D 010 0
106 D 010 1
108 D 010 0
110 D 010 0
112 D 010 1
114 D 010 0
116 D 010 1
118 D 010 0
120 D 010 0
122 D 010 1
124 D 010 1
126 D 010 1
128 D 010 1
130 D 010 0
132 D 010 1
134 D 010 1
136 D 010 0
138 D 010 1
140 D 010 0
142 D 010 1
144 D 010 1
146 D 010 1
148 D 010 1
150 D 010 0
152 D 010 1
154 D 010 1
156 D 010 1
158 D 010 0
160 D 010 1
162 D 010 1
164 D 010 1
166 D 010 0
168 D 010 1
170 D 010 0
172 D 010 1
174 D 010 1
176 D 010 1
178 D 010 1
180 D 010 0
182 D 010 1
184 D 010 1
186 D 010 1
188 D 010 1
190 D 010 1
192 D 010 1
194 D 010 1
196 D 010 1
198 D 010 1
200 D 010 1
102 D 011 1
104 D 011 1
106 D 011 1
108 D 011 1
110 D 011 0
112 D 011 1
114 D 011 1
116 D 011 1
118 D 011 1
120 D 011 1
122 D 011 1
124 D 011 1
126 D 011 1
128 D 011 1
130 D 011 1
132 D 011 1
134 D 011 1
136 D 011 1
138 D 011 1
140 D 011 1
142 D 011 1
144 D 011 1
146 D 011 1
148 D 011 1
150 D 011 1
152 D 011 1
154 D 011 1
156 D 011 1
158 D 011 1
160 D 011 1
162 D 011 1
164 D 011 1
166 D 011 1
168 D 011 1
170 D 011 1
172 D 011 1
174 D 011 1
176 D 011 1
178 D 011 1
180 D 011 1
182 D 011 0
184 D 011 1
186 D 011 1
188 D 011 1
190 D 011 1
192 D 011 1
194 D 011 1
196 D 011 1
198 D 011 1
200 D 011 1
102 D 012 0
104 D 012 1
106 D 012 1
108 D 012 0
110 D 012 1
112 D 012 1
114 D 012 1
116 D 012 0
118 D 012 0
120 D 012 0
122 D 012 1
124 D 012 1
126 D 012 0
128 D 012 0
130 D 012 1
132 D 012 0
134 D 012 0
136 D 012 1
138 D 012 0
140 D 012 0
142 D 012 1
144 D 012 0
146 D 012 1
148 D 012 1
150 D 012 0
152 D 012 0
154 D 012 0
156 D 012 0
158 D 012 0
160 D 012 0
162 D 012 0
164 D 012 1
166 D 012 0
168 D 012 0
170 D 012 1
172 D 012 1
174 D 012 0
176 D 012 0
178 D 012 0
180 D 012 0
182 D 012 1
184 D 012 0
186 D 012 0
188 D 012 0
190 D 012 0
192 D 012 0
194 D 012 0
196 D 012 0
198 D 012 0
200 D 012 1
102 D 013 1
104 D 013 1
106 D 013 1
108 D 013 1
110 D 013 1
112 D 013 1
114 D 013 1
116 D 013 1
118 D 013 1
120 D 013 1
122 D 013 1
124 D 013 1
126 D 013 1
128 D 013 1
130 D 013 1
132 D 013 1
134 D 013 1
136 D 013 1
138 D 013 1
140 D 013 0
142 D 013 1
144 D 013 1
146 D 013 1
148 D 013 1
150 D 013 1
152 D 013 1
154 D 013 1
156 D 013 1
158 D 013 1
160 D 013 1
162 D 013 1
164 D 013 1
166 D 013 1
168 D 013 1
170 D 013 1
172 D 013 1
174 D 013 1
176 D 013 1
178 D 013 1
180 D 013 1
182 D 013 1
184 D 013 1
186 D 013 1
188 D 013 1
190 D 013 1
192 D 013 1
194 D 013 1
196 D 013 1
198 D 013 1
200 D 013 1
102 D 014 1
104 D 014 0
106 D 014 1
108 D 014 1
110 D 014 1
112 D 014 1
114 D 014 1
116 D 014 1
118 D 014 1
120 D 014 1
122 D 014 1
124 D 014 1
126 D 014 1
128 D 014 1
130 D 014 1
132 D 014 1
134 D 014 1
136 D 014 1
138 D 014 1
140 D 014 1
142 D 014 1
144 D 014 1
146 D 014 1
148 D 014 1
150 D 014 1
152 D 014 1
154 D 014 1
156 D 014 1
158 D 014 1
160 D 014 1
162 D 014 1
164 D 014 1
166 D 014 1
168 D 014 1
170 D 014 1
172 D 014 1
174 D 014 1
176 D 014 1
178 D 014 1
180 D 014 1
182 D 014 1
184 D 014 1
186 D 014 1
188 D 014 1
190 D 014 1
192 D 014 1
194 D 014 1
196 D 014 1
198 D 014 1
200 D 014 1
102 D 015 1
104 D 015 1
106 D 015 1
108 D 015 0
110 D 015 1
112 D 015 1
114 D 015 1
116 D 015 1
118 D 015 1
120 D 015 1
122 D 015 1
124 D 015 1
126 D 015 1
128 D 015 1
130 D 015 1
132 D 015 1
134 D 015 1
136 D 015 1
138 D 015 1
140 D 015 1
142 D 015 1
144 D 015 1
146 D 015 1
148 D 015 1
150 D 015 1
152 D 015 1
154 D 015 1
156 D 015 1
158 D 015 1
160 D 015 1
162 D 015 1
164 D 015 1
166 D 015 1
168 D 015 1
170 D 015 1
172 D 015 1
174 D 015 1
176 D 015 1
178 D 015 1
180 D 015 1
182 D 015 1
184 D 015 1
186 D 015 1
188 D 015 1
190 D 015 1
192 D 015 1
194 D 015 1
196 D 015 1
198 D 015 1
200 D 015 1
102 D 016 1
104 D 016 1
106 D 016 1
108 D 016 1
110 D 016 1
112 D 016 1
114 D 016 1
116 D 016 1
118 D 016 1
120 D 016 1
122 D 016 1
124 D 016 1
126 D 016 1
128 D 016 1
130 D 016 1
132 D 016 1
134 D 016 0
136 D 016 0
138 D 016 1
140 D 016 0
142 D 016 1
144 D 016 0
146 D 016 1
148 D 016 1
150 D 016 1
152 D 016 0
154 D 016 1
156 D 016 1
158 D 016 1
160 D 016 1
162 D 016 1
164 D 016 1
166 D 016 1
168 D 016 1
170 D 016 0
172 D 016 1
174 D 016 1
176 D 016 1
178 D 016 1
180 D 016 1
182 D 016 1
184 D 016 1
186 D 016 1
188 D 016 1
190 D 016 1
192 D 016 1
194 D 016 1
196 D 016 1
198 D 016 0
200 D 016 0
102 D 017 1
104 D 017 0
106 D 017 1
108 D 017 1
110 D 017 0
112 D 017 0
114 D 017 1
116 D 017 1
118 D 017 1
120 D 017 1
122 D 017 1
124 D 017 1
126 D 017 1
128 D 017 0
130 D 017 1
132 D 017 1
134 D 017 1
136 D 017 0
138 D 017 1
140 D 017 1
142 D 017 1
144 D 017 1
146 D 017 1
148 D 017 1
150 D 017 1
152 D 017 0
154 D 017 1
156 D 017 1
158 D 017 1
160 D 017 1
162 D 017 1
164 D 017 1
166 D 017 1
168 D 017 1
170 D 017 1
172 D 017 1
174 D 017 1
176 D 017 1
178 D 017 1
180 D 017 1
182 D 017 1
184 D 017 0
186 D 017 1
188 D 017 1
190 D 017 1
192 D 017 1
194 D 017 1
196 D 017 1
198 D 017 1
200 D 017 1
102 D 018 1
104 D 018 1
106 D 018 1
108 D 018 1
110 D 018 1
112 D 018 1
114 D 018 1
116 D 018 1
118 D 018 1
120 D 018 1
122 D 018 1
124 D 018 1
126 D 018 1
128 D 018 0
130 D 018 1
132 D 018 1
134 D 018 1
136 D 018 1
138 D 018 1
140 D 018 1
142 D 018 1
144 D 018 1
146 D 018 1
148 D 018 1
150 D 018 1
152 D 018 1
154 D 018 1
156 D 018 1
158 D 018 1
160 D 018 1
162 D 018 1
164 D 018 1
166 D 018 1
168 D 018 1
170 D 018 1
172 D 018 1
174 D 018 1
176 D 018 1
178 D 018 1
180 D 018 1
182 D 018 1
184 D 018 1
186 D 018 1
188 D 018 1
190 D 018 1
192 D 018 1
194 D 018 1
196 D 018 1
198 D 018 1
200 D 018 1
102 D 019 1
104 D 019 1
106 D 019 1
108 D 019 0
110 D 019 1
112 D 019 1
114 D 019 0
116 D 019 1
118 D 019 1
120 D 019 0
122 D 019 1
124 D 019 1
126 D 019 1
128 D 019 1
130 D 019 0
132 D 019 0
134 D 019 1
136 D 019 1
138 D 019 1
140 D 019 1
142 D 019 0
144 D 019 0
146 D 019 1
148 D 019 1
150 D 019 1
152 D 019 1
154 D 019 1
156 D 019 1
158 D 019 1
160 D 019 1
162 D 019 0
164 D 019 1
166 D 019 1
168 D 019 1
170 D 019 0
172 D 019 1
174 D 019 1
176 D 019 1
178 D 019 1
180 D 019 0
182 D 019 1
184 D 019 1
186 D 019 1
188 D 019 1
190 D 019 1
192 D 019 1
194 D 019 1
196 D 019 1
198 D 019 0
200 D 019 1
102 D 020 1
104 D 020 1
106 D 020 1
108 D 020 1
110 D 020 1
112 D 020 1
114 D 020 1
116 D 020 1
118 D 020 1
120 D 020 1
122 D 020 1
124 D 020 1
126 D 020 1
128 D 020 1
130 D 020 1
132 D 020 1
134 D 020 0
136 D 020 1
138 D 020 1
140 D 020 1
142 D 020 1
144 D 020 1
146 D 020 1
148 D 020 1
150 D 020 1
152 D 020 1
154 D 020 1
156 D 020 1
158 D 020 1
160 D 020 1
162 D 020 1
164 D 020 1
166 D 020 1
168 D 020 1
170 D 020 1
172 D 020 1
174 D 020 1
176 D 020 1
178 D 020 1
180 D 020 1
182 D 020 1
184 D 020 1
186 D 020 1
188 D 020 1
190 D 020 1
192 D 020 1
194 D 020 1
196 D 020 1
198 D 020 1
200 D 020 1
102 D 021 1
104 D 021 1
106 D 021 1
108 D 021 0
110 D 021 1
112 D 021 1
114 D 021 1
116 D 021 0
118 D 021 1
120 D 021 1
122 D 021 1
124 D 021 1
126 D 021 0
128 D 021 1
130 D 021 1
132 D 021 0
134 D 021 1
136 D 021 1
138 D 021 1
140 D 021 1
142 D 021 0
144 D 021 0
146 D 021 1
148 D 021 0
150 D 021 1
152 D 021 1
154 D 021 1
156 D 021 1
158 D 021 1
160 D 021 0
162 D 021 1
164 D 021 1
166 D 021 1
168 D 021 1
170 D 021 0
172 D 021 1
174 D 021 1
176 D 021 1
178 D 021 1
180 D 021 1
182 D 021 1
184 D 021 1
186 D 021 0
188 D 021 1
190 D 021 1
192 D 021 1
194 D 021 0
196 D 021 1
198 D 021 0
200 D 021 1
102 D 022 1
104 D 022 1
106 D 022 1
108 D 022 0
110 D 022 1
112 D 022 0
114 D 022 1
116 D 022 1
118 D 022 0
120 D 022 1
122 D 022 1
124 D 022 1
126 D 022 1
128 D 022 1
130 D 022 0
132 D 022 1
134 D 022 1
136 D 022 1
138 D 022 1
140 D 022 0
142 D 022 0
144 D 022 0
146 D 022 1
148 D 022 1
150 D 022 1
152 D 022 1
154 D 022 1
156 D 022 1
158 D 022 1
160 D 022 1
162 D 022 1
164 D 022 1
166 D 022 1
168 D 022 1
170 D 022 1
172 D 022 1
174 D 022 1
176 D 022 1
178 D 022 1
180 D 022 1
182 D 022 1
184 D 022 1
186 D 022 1
188 D 022 1
190 D 022 1
192 D 022 1
194 D 022 0
196 D 022 1
198 D 022 1
200 D 022 1
102 D 023 1
104 D 023 1
106 D 023 1
108 D 023 1
110 D 023 0
112 D 023 1
114 D 023 1
116 D 023 1
118 D 023 1
120 D 023 1
122 D 023 1
124 D 023 1
126 D 023 1
128 D 023 0
130 D 023 0
132 D 023 1
134 D 023 1
136 D 023 0
138 D 023 0
140 D 023 1
142 D 023 0
144 D 023 1
146 D 023 0
148 D 023 1
150 D 023 1
152 D 023 0
154 D 023 0
156 D 023 1
158 D 023 1
160 D 023 0
162 D 023 0
164 D 023 1
166 D 023 1
168 D 023 1
170 D 023 1
172 D 023 1
174 D 023 1
176 D 023 1
178 D 023 1
180 D 023 1
182 D 023 1
184 D 023 0
186 D 023 0
188 D 023 0
190 D 023 1
192 D 023 1
194 D 023 1
196 D 023 1
198 D 023 1
200 D 023 1
102 D 024 1
104 D 024 0
106 D 024 1
108 D 024 1
110 D 024 0
112 D 024 0
114 D 024 0
116 D 024 0
118 D 024 1
120 D 024 1
122 D 024 0
124 D 024 1
126 D 024 1
128 D 024 1
130 D 024 0
132 D 024 0
134 D 024 0
136 D 024 1
138 D 024 1
140 D 024 1
142 D 024 1
144 D 024 1
146 D 024 0
148 D 024 1
150 D 024 1
152 D 024 0
154 D 024 0
156 D 024 0
158 D 024 0
160 D 024 1
162 D 024 1
164 D 024 1
166 D 024 1
168 D 024 1
170 D 024 1
172 D 024 1
174 D 024 0
176 D 024 0
178 D 024 1
180 D 024 1
182 D 024 1
184 D 024 1
186 D 024 0
188 D 024 1
190 D 024 1
192 D 024 0
194 D 024 0
196 D 024 1
198 D 024 0
200 D 024 0
102 D 025 1
104 D 025 1
106 D 025 0
108 D 025 1
110 D 025 1
112 D 025 1
114 D 025 0
116 D 025 1
118 D 025 1
120 D 025 1
122 D 025 1
124 D 025 0
126 D 025 1
128 D 025 0
130 D 025 1
132 D 025 0
134 D 025 1
136 D 025 1
138 D 025 1
140 D 025 1
142 D 025 1
144 D 025 1
146 D 025 1
148 D 025 1
150 D 025 1
152 D 025 1
154 D 025 1
156 D 025 1
158 D 025 1
160 D 025 1
162 D 025 1
164 D 025 1
166 D 025 1
168 D 025 1
170 D 025 1
172 D 025 1
174 D 025 1
176 D 025 1
178 D 025 1
180 D 025 1
182 D 025 1
184 D 025 1
186 D 025 1
188 D 025 1
190 D 025 1
192 D 025 1
194 D 025 1
196 D 025 1
198 D 025 0
200 D 025 1
102 D 026 1
104 D 026 1
106 D 026 1
108 D 026 1
110 D 026 1
112 D 026 1
114 D 026 1
116 D 026 1
118 D 026 1
120 D 026 1
122 D 026 1
124 D 026 1
126 D 026 1
128 D 026 1
130 D 026 1
132 D 026 1
134 D 026 1
136 D 026 1
138 D 026 1
140 D 026 1
142 D 026 1
144 D 026 1
146 D 026 1
148 D 026 1
150 D 026 1
152 D 026 1
154 D 026 1
156 D 026 1
158 D 026 1
160 D 026 1
162 D 026 1
164 D 026 1
166 D 026 1
168 D 026 1
170 D 026 1
172 D 026 1
174 D 026 1
176 D 026 1
178 D 026 1
180 D 026 1
182 D 026 1
184 D 026 1
186 D 026 1
188 D 026 1
190 D 026 1
192 D 026 1
194 D 026 1
196 D 026 1
198 D 026 1
200 D 026 1
102 D 027 1
104 D 027 1
106 D 027 0
108 D 027 0
110 D 027 1
112 D 027 1
114 D 027 0
116 D 027 1
118 D 027 1
120 D 027 0
122 D 027 1
124 D 027 1
126 D 027 1
128 D 027 0
130 D 027 0
132 D 027 0
134 D 027 1
136 D 027 1
138 D 027 1
140 D 027 1
142 D 027 0
144 D 027 0
146 D 027 1
148 D 027 0
150 D 027 0
152 D 027 0
154 D 027 1
156 D 027 1
158 D 027 1
160 D 027 1
162 D 027 0
164 D 027 1
166 D 027 1
168 D 027 1
170 D 027 1
172 D 027 0
174 D 027 0
176 D 027 1
178 D 027 1
180 D 027 1
182 D 027 0
184 D 027 1
186 D 027 0
188 D 027 1
190 D 027 1
192 D 027 0
194 D 027 1
196 D 027 1
198 D 027 0
200 D 027 0
102 D 028 0
104 D 028 1
106 D 028 1
108 D 028 0
110 D 028 1
112 D 028 0
114 D 028 1
116 D 028 1
118 D 028 0
120 D 028 0
122 D 028 0
124 D 028 0
126 D 028 1
128 D 028 1
130 D 028 1
132 D 028 0
134 D 028 0
136 D 028 0
138 D 028 1
140 D 028 1
142 D 028 0
144 D 028 0
146 D 028 1
148 D 028 1
150 D 028 0
152 D 028 1
154 D 028 1
156 D 028 1
158 D 028 0
160 D 028 0
162 D 028 0
164 D 028 0
166 D 028 0
168 D 028 0
170 D 028 1
172 D 028 0
174 D 028 0
176 D 028 0
178 D 028 0
180 D 028 1
182 D 028 1
184 D 028 1
186 D 028 0
188 D 028 1
190 D 028 1
192 D 028 1
194 D 028 0
196 D 028 1
198 D 028 0
200 D 028 0
102 D 029 1
104 D 029 0
106 D 029 1
108 D 029 0
110 D 029 0
112 D 029 1
114 D 029 1
116 D 029 0
118 D 029 1
120 D 029 1
122 D 029 1
124 D 029 1
126 D 029 1
128 D 029 0
130 D 029 1
132 D 029 1
134 D 029 0
136 D 029 0
138 D 029 0
140 D 029 1
142 D 029 1
144 D 029 0
146 D 029 0
148 D 029 1
150 D 029 1
152 D 029 0
154 D 029 1
156 D 029 0
158 D 029 1
160 D 029 1
162 D 029 1
164 D 029 1
166 D 029 1
168 D 029 0
170 D 029 1
172 D 029 0
174 D 029 1
176 D 029 1
178 D 029 0
180 D 029 1
182 D 029 1
184 D 029 1
186 D 029 0
188 D 029 1
190 D 029 1
192 D 029 1
194 D 029 0
196 D 029 1
198 D 029 1
200 D 029 1
102 D 030 1
104 D 030 1
106 D 030 1
108 D 030 1
110 D 030 1
112 D 030 1
114 D 030 0
116 D 030 1
118 D 030 1
120 D 030 0
122 D 030 0
124 D 030 0
126 D 030 1
128 D 030 1
130 D 030 1
132 D 030 1
134 D 030 0
136 D 030 1
138 D 030 1
140 D 030 1
142 D 030 1
144 D 030 0
146 D 030 1
148 D 030 1
150 D 030 0
152 D 030 1
154 D 030 0
156 D 030 1
158 D 030 1
160 D 030 1
162 D 030 1
164 D 030 1
166 D 030 1
168 D 030 0
170 D 030 0
172 D 030 0
174 D 030 1
176 D 030 1
178 D 030 1
180 D 030 1
182 D 030 0
184 D 030 1
186 D 030 0
188 D 030 1
190 D 030 1
192 D 030 0
194 D 030 0
196 D 030 1
198 D 030 1
200 D 030 1
102 D 031 1
104 D 031 1
106 D 031 1
108 D 031 1
110 D 031 1
112 D 031 1
114 D 031 1
116 D 031 1
118 D 031 1
120 D 031 0
122 D 031 1
124 D 031 1
126 D 031 1
128 D 031 1
130 D 031 0
132 D 031 1
134 D 031 1
136 D 031 1
138 D 031 1
140 D 031 1
142 D 031 1
144 D 031 1
146 D 031 1
148 D 031 1
150 D 031 1
152 D 031 1
154 D 031 1
156 D 031 1
158 D 031 1
160 D 031 1
162 D 031 1
164 D 031 1
166 D 031 1
168 D 031 1
170 D 031 1
172 D 031 1
174 D 031 1
176 D 031 1
178 D 031 1
180 D 031 1
182 D 031 1
184 D 031 1
186 D 031 1
188 D 031 1
190 D 031 1
192 D 031 1
194 D 031 0
196 D 031 1
198 D 031 1
200 D 031 1
102 D 032 1
104 D 032 1
106 D 032 1
108 D 032 1
110 D 032 0
112 D 032 1
114 D 032 1
116 D 032 1
118 D 032 1
120 D 032 1
122 D 032 1
124 D 032 1
126 D 032 1
128 D 032 1
130 D 032 0
132 D 032 1
134 D 032 1
136 D 032 1
138 D 032 1
140 D 032 1
142 D 032 0
144 D 032 1
146 D 032 1
148 D 032 1
150 D 032 1
152 D 032 1
154 D 032 1
156 D 032 0
158 D 032 1
160 D 032 1
162 D 032 1
164 D 032 1
166 D 032 1
168 D 032 1
170 D 032 1
172 D 032 1
174 D 032 1
176 D 032 1
178 D 032 1
180 D 032 1
182 D 032 1
184 D 032 1
186 D 032 1
188 D 032 1
190 D 032 1
192 D 032 1
194 D 032 1
196 D 032 1
198 D 032 0
200 D 032 1
102 D 033 1
104 D 033 1
106 D 033 1
108 D 033 1
110 D 033 1
112 D 033 1
114 D 033 1
116 D 033 1
118 D 033 1
120 D 033 1
122 D 033 1
124 D 033 1
126 D 033 1
128 D 033 1
130 D 033 1
132 D 033 1
134 D 033 1
136 D 033 1
138 D 033 1
140 D 033 1
142 D 033 1
144 D 033 1
146 D 033 1
148 D 033 1
150 D 033 1
152 D 033 1
154 D 033 1
156 D 033 1
158 D 033 1
160 D 033 1
162 D 033 1
164 D 033 1
166 D 033 1
168 D 033 1
170 D 033 1
172 D 033 1
174 D 033 1
176 D 033 1
178 D 033 1
180 D 033 1
182 D 033 1
184 D 033 1
186 D 033 1
188 D 033 1
190 D 033 1
192 D 033 1
194 D 033 1
196 D 033 1
198 D 033 1
200 D 033 1
102 D 034 1
104 D 034 1
106 D 034 1
108 D 034 1
110 D 034 1
112 D 034 1
114 D 034 1
116 D 034 1
118 D 034 1
120 D 034 1
122 D 034 1
124 D 034 1
126 D 034 1
128 D 034 1
130 D 034 1
132 D 034 1
134 D 034 1
136 D 034 1
138 D 034 1
140 D 034 1
142 D 034 1
144 D 034 1
146 D 034 1
148 D 034 1
150 D 034 1
152 D 034 1
154 D 034 1
156 D 034 1
158 D 034 1
160 D 034 1
162 D 034 1
164 D 034 1
166 D 034 1
168 D 034 1
170 D 034 1
172 D 034 1
174 D 034 1
176 D 034 1
178 D 034 1
180 D 034 1
182 D 034 1
184 D 034 1
186 D 034 1
188 D 034 1
190 D 034 1
192 D 034 1
194 D 034 1
196 D 034 1
198 D 034 1
200 D 034 1
102 D 035 0
104 D 035 1
106 D 035 0
108 D 035 0
110 D 035 1
112 D 035 1
114 D 035 0
116 D 035 0
118 D 035 0
120 D 035 1
122 D 035 0
124 D 035 1
126 D 035 1
128 D 035 1
130 D 035 1
132 D 035 1
134 D 035 1
136 D 035 1
138 D 035 1
140 D 035 1
142 D 035 1
144 D 035 0
146 D 035 1
148 D 035 0
150 D 035 0
152 D 035 1
154 D 035 0
156 D 035 0
158 D 035 1
160 D 035 0
162 D 035 0
164 D 035 1
166 D 035 0
168 D 035 1
170 D 035 1
172 D 035 0
174 D 035 0
176 D 035 0
178 D 035 1
180 D 035 1
182 D 035 0
184 D 035 0
186 D 035 0
188 D 035 0
190 D 035 1
192 D 035 1
194 D 035 1
196 D 035 0
198 D 035 1
200 D 035 1
102 D 036 1
104 D 036 1
106 D 036 1
108 D 036 1
110 D 036 1
112 D 036 0
114 D 036 1
116 D 036 1
118 D 036 1
120 D 036 1
122 D 036 1
124 D 036 1
126 D 036 1
128 D 036 0
130 D 036 0
132 D 036 1
134 D 036 1
136 D 036 0
138 D 036 1
140 D 036 1
142 D 036 0
144 D 036 1
146 D 036 1
148 D 036 1
150 D 036 1
152 D 036 1
154 D 036 1
156 D 036 1
158 D 036 1
160 D 036 1
162 D 036 1
164 D 036 1
166 D 036 1
168 D 036 1
170 D 036 1
172 D 036 1
174 D 036 1
176 D 036 1
178 D 036 1
180 D 036 1
182 D 036 1
184 D 036 1
186 D 036 1
188 D 036 1
190 D 036 0
192 D 036 1
194 D 036 0
196 D 036 1
198 D 036 1
200 D 036 1
102 D 037 1
104 D 037 1
106 D 037 1
108 D 037 0
110 D 037 0
112 D 037 1
114 D 037 1
116 D 037 1
118 D 037 1
120 D 037 1
122 D 037 1
124 D 037 1
126 D 037 1
128 D 037 1
130 D 037 1
132 D 037 1
134 D 037 1
136 D 037 0
138 D 037 1
140 D 037 0
142 D 037 1
144 D 037 1
146 D 037 1
148 D 037 1
150 D 037 1
152 D 037 1
154 D 037 1
156 D 037 1
158 D 037 1
160 D 037 1
162 D 037 1
164 D 037 1
166 D 037 1
168 D 037 1
170 D 037 1
172 D 037 1
174 D 037 1
176 D 037 1
178 D 037 1
180 D 037 1
182 D 037 1
184 D 037 1
186 D 037 1
188 D 037 1
190 D 037 1
192 D 037 1
194 D 037 1
196 D 037 1
198 D 037 1
200 D 037 1
102 D 038 1
104 D 038 0
106 D 038 0
108 D 038 0
110 D 038 1
112 D 038 0
114 D 038 1
116 D 038 1
118 D 038 0
120 D 038 0
122 D 038 0
124 D 038 1
126 D 038 1
128 D 038 0
130 D 038 1
132 D 038 0
134 D 038 0
136 D 038 0
138 D 038 0
140 D 038 0
142 D 038 0
144 D 038 0
146 D 038 0
148 D 038 1
150 D 038 0
152 D 038 0
154 D 038 1
156 D 038 0
158 D 038 0
160 D 038 0
162 D 038 1
164 D 038 1
166 D 038 1
168 D 038 1
170 D 038 0
172 D 038 0
174 D 038 0
176 D 038 1
178 D 038 0
180 D 038 0
182 D 038 0
184 D 038 1
186 D 038 0
188 D 038 1
190 D 038 0
192 D 038 1
194 D 038 1
196 D 038 0
198 D 038 0
200 D 038 0
102 D 039 1
104 D 039 1
106 D 039 0
108 D 039 1
110 D 039 1
112 D 039 1
114 D 039 1
116 D 039 1
118 D 039 1
120 D 039 1
122 D 039 0
124 D 039 1
126 D 039 1
128 D 039 1
130 D 039 0
132 D 039 1
134 D 039 1
136 D 039 1
138 D 039 1
140 D 039 0
142 D 039 1
144 D 039 1
146 D 039 1
148 D 039 0
150 D 039 0
152 D 039 0
154 D 039 1
156 D 039 1
158 D 039 1
160 D 039 1
162 D 039 0
164 D 039 1
166 D 039 1
168 D 039 1
170 D 039 0
172 D 039 1
174 D 039 1
176 D 039 1
178 D 039 1
180 D 039 1
182 D 039 1
184 D 039 1
186 D 039 1
188 D 039 1
190 D 039 1
192 D 039 0
194 D 039 1
196 D 039 1
198 D 039 0
200 D 039 1
102 D 040 1
104 D 040 1
106 D 040 1
108 D 040 1
110 D 040 1
112 D 040 1
114 D 040 1
116 D 040 1
118 D 040 1
120 D 040 1
122 D 040 1
124 D 040 1
126 D 040 1
128 D 040 1
130 D 040 1
132 D 040 1
134 D 040 1
136 D 040 1
138 D 040 1
140 D 040 1
142 D 040 1
144 D 040 1
146 D 040 1
148 D 040 1
150 D 040 1
152 D 040 1
154 D 040 1
156 D 040 1
158 D 040 1
160 D 040 1
162 D 040 1
164 D 040 1
166 D 040 1
168 D 040 1
170 D 040 1
172 D 040 1
174 D 040 1
176 D 040 1
178 D 040 1
180 D 040 1
182 D 040 1
184 D 040 1
186 D 040 1
188 D 040 1
190 D 040 1
192 D 040 0
194 D 040 1
196 D 040 1
198 D 040 1
200 D 040 1
102 D 041 1
104 D 041 1
106 D 041 1
108 D 041 1
110 D 041 0
112 D 041 1
114 D 041 1
116 D 041 1
118 D 041 1
120 D 041 1
122 D 041 1
124 D 041 1
126 D 041 1
128 D 041 1
130 D 041 1
132 D 041 1
134 D 041 1
136 D 041 1
138 D 041 1
140 D 041 1
142 D 041 1
144 D 041 1
146 D 041 1
148 D 041 1
150 D 041 1
152 D 041 1
154 D 041 1
156 D 041 1
158 D 041 1
160 D 041 1
162 D 041 1
164 D 041 1
166 D 041 1
168 D 041 1
170 D 041 1
172 D 041 1
174 D 041 1
176 D 041 1
178 D 041 1
180 D 041 1
182 D 041 1
184 D 041 1
186 D 041 1
188 D 041 1
190 D 041 1
192 D 041 1
194 D 041 1
196 D 041 1
198 D 041 1
200 D 041 1
102 D 042 1
104 D 042 1
106 D 042 1
108 D 042 1
110 D 042 1
112 D 042 1
114 D 042 1
116 D 042 0
118 D 042 1
120 D 042 1
122 D 042 1
124 D 042 1
126 D 042 1
128 D 042 1
130 D 042 1
132 D 042 1
134 D 042 1
136 D 042 1
138 D 042 1
140 D 042 1
142 D 042 1
144 D 042 0
146 D 042 1
148 D 042 1
150 D 042 1
152 D 042 1
154 D 042 1
156 D 042 1
158 D 042 1
160 D 042 1
162 D 042 1
164 D 042 1
166 D 042 1
168 D 042 1
170 D 042 1
172 D 042 1
174 D 042 1
176 D 042 1
178 D 042 1
180 D 042 1
182 D 042 1
184 D 042 1
186 D 042 1
188 D 042 1
190 D 042 0
192 D 042 1
194 D 042 1
196 D 042 1
198 D 042 1
200 D 042 1
102 D 043 0
104 D 043 0
106 D 043 0
108 D 043 0
110 D 043 0
112 D 043 0
114 D 043 0
116 D 043 0
118 D 043 1
120 D 043 0
122 D 043 0
124 D 043 0
126 D 043 1
128 D 043 1
130 D 043 1
132 D 043 1
134 D 043 0
136 D 043 0
138 D 043 0
140 D 043 1
142 D 043 0
144 D 043 0
146 D 043 1
148 D 043 0
150 D 043 0
152 D 043 0
154 D 043 0
156 D 043 0
158 D 043 0
160 D 043 1
162 D 043 0
164 D 043 0
166 D 043 0
168 D 043 0
170 D 043 1
172 D 043 1
174 D 043 0
176 D 043 0
178 D 043 1
180 D 043 0
182 D 043 1
184 D 043 0
186 D 043 0
188 D 043 1
190 D 043 1
192 D 043 0
194 D 043 0
196 D 043 1
198 D 043 1
200 D 043 0
102 D 044 0
104 D 044 1
106 D 044 1
108 D 044 1
110 D 044 0
112 D 044 0
114 D 044 0
116 D 044 1
118 D 044 0
120 D 044 1
122 D 044 1
124 D 044 1
126 D 044 0
128 D 044 0
130 D 044 0
132 D 044 0
134 D 044 1
136 D 044 1
138 D 044 0
140 D 044 0
142 D 044 0
144 D 044 1
146 D 044 0
148 D 044 0
150 D 044 0
152 D 044 1
154 D 044 1
156 D 044 1
158 D 044 0
160 D 044 1
162 D 044 0
164 D 044 0
166 D 044 1
168 D 044 0
170 D 044 1
172 D 044 1
174 D 044 1
176 D 044 1
178 D 044 1
180 D 044 0
182 D 044 1
184 D 044 0
186 D 044 0
188 D 044 1
190 D 044 1
192 D 044 0
194 D 044 0
196 D 044 0
198 D 044 0
200 D 044 1
102 D 045 1
104 D 045 1
106 D 045 1
108 D 045 1
110 D 045 1
112 D 045 1
114 D 045 1
116 D 045 1
118 D 045 1
120 D 045 1
122 D 045 1
124 D 045 1
126 D 045 1
128 D 045 1
130 D 045 1
132 D 045 1
134 D 045 1
136 D 045 1
138 D 045 1
140 D 045 1
142 D 045 1
144 D 045 1
146 D 045 1
148 D 045 1
150 D 045 1
152 D 045 1
154 D 045 1
156 D 045 1
158 D 045 1
160 D 045 1
162 D 045 1
164 D 045 1
166 D 045 1
168 D 045 1
170 D 045 1
172 D 045 1
174 D 045 1
176 D 045 1
178 D 045 1
180 D 045 1
182 D 045 1
184 D 045 1
186 D 045 1
188 D 045 1
190 D 045 1
192 D 045 1
194 D 045 1
196 D 045 1
198 D 045 1
200 D 045 1
102 D 046 1
104 D 046 1
106 D 046 1
108 D 046 1
110 D 046 1
112 D 046 1
114 D 046 1
116 D 046 1
118 D 046 1
120 D 046 1
122 D 046 0
124 D 046 1
126 D 046 1
128 D 046 1
130 D 046 1
132 D 046 1
134 D 046 1
136 D 046 1
138 D 046 1
140 D 046 1
142 D 046 1
144 D 046 1
146 D 046 1
148 D 046 1
150 D 046 1
152 D 046 1
154 D 046 1
156 D 046 1
158 D 046 1
160 D 046 1
162 D 046 0
164 D 046 1
166 D 046 1
168 D 046 1
170 D 046 1
172 D 046 1
174 D 046 1
176 D 046 1
178 D 046 0
180 D 046 1
182 D 046 1
184 D 046 0
186 D 046 1
188 D 046 1
190 D 046 1
192 D 046 1
194 D 046 1
196 D 046 1
198 D 046 1
200 D 046 1
102 D 047 1
104 D 047 0
106 D 047 1
108 D 047 0
110 D 047 0
112 D 047 1
114 D 047 1
116 D 047 1
118 D 047 1
120 D 047 0
122 D 047 0
124 D 047 1
126 D 047 0
128 D 047 0
130 D 047 0
132 D 047 1
134 D 047 1
136 D 047 1
138 D 047 0
140 D 047 1
142 D 047 0
144 D 047 1
146 D 047 1
148 D 047 1
150 D 047 1
152 D 047 1
154 D 047 0
156 D 047 1
158 D 047 1
160 D 047 1
162 D 047 1
164 D 047 1
166 D 047 1
168 D 047 1
170 D 047 0
172 D 047 1
174 D 047 1
176 D 047 1
178 D 047 1
180 D 047 0
182 D 047 1
184 D 047 1
186 D 047 1
188 D 047 0
190 D 047 1
192 D 047 1
194 D 047 1
196 D 047 1
198 D 047 1
200 D 047 1
102 D 048 1
104 D 048 1
106 D 048 1
108 D 048 1
110 D 048 0
112 D 048 1
114 D 048 1
116 D 048 1
118 D 048 1
120 D 048 1
122 D 048 1
124 D 048 1
126 D 048 1
128 D 048 1
130 D 048 0
132 D 048 1
134 D 048 1
136 D 048 1
138 D 048 1
140 D 048 1
142 D 048 1
144 D 048 1
146 D 048 1
148 D 048 1
150 D 048 1
152 D 048 1
154 D 048 1
156 D 048 1
158 D 048 1
160 D 048 1
162 D 048 1
164 D 048 1
166 D 048 1
168 D 048 1
170 D 048 1
172 D 048 1
174 D 048 1
176 D 048 1
178 D 048 1
180 D 048 1
182 D 048 1
184 D 048 1
186 D 048 1
188 D 048 1
190 D 048 1
192 D 048 1
194 D 048 1
196 D 048 1
198 D 048 1
200 D 048 1
102 D 049 0
104 D 049 1
106 D 049 0
108 D 049 0
110 D 049 1
112 D 049 1
114 D 049 1
116 D 049 1
118 D 049 1
120 D 049 1
122 D 049 0
124 D 049 1
126 D 049 1
128 D 049 1
130 D 049 0
132 D 049 1
134 D 049 1
136 D 049 0
138 D 049 0
140 D 049 1
142 D 049 0
144 D 049 1
146 D 049 1
148 D 049 1
150 D 049 1
152 D 049 1
154 D 049 0
156 D 049 1
158 D 049 1
160 D 049 0
162 D 049 0
164 D 049 1
166 D 049 0
168 D 049 1
170 D 049 1
172 D 049 0
174 D 049 0
176 D 049 1
178 D 049 0
180 D 049 1
182 D 049 1
184 D 049 1
186 D 049 1
188 D 049 1
190 D 049 1
192 D 049 1
194 D 049 1
196 D 049 1
198 D 049 1
200 D 049 1
102 D 050 0
104 D 050 0
106 D 050 0
108 D 050 1
110 D 050 1
112 D 050 0
114 D 050 0
116 D 050 1
118 D 050 0
120 D 050 0
122 D 050 0
124 D 050 0
126 D 050 0
128 D 050 0
130 D 050 0
132 D 050 0
134 D 050 0
136 D 050 0
138 D 050 1
140 D 050 0
142 D 050 1
144 D 050 0
146 D 050 0
148 D 050 0
150 D 050 1
152 D 050 0
154 D 050 0
156 D 050 0
158 D 050 0
160 D 050 0
162 D 050 0
164 D 050 0
166 D 050 0
168 D 050 1
170 D 050 1
172 D 050 0
174 D 050 0
176 D 050 1
178 D 050 1
180 D 050 0
182 D 050 1
184 D 050 1
186 D 050 0
188 D 050 0
190 D 050 0
192 D 050 0
194 D 050 1
196 D 050 0
198 D 050 0
200 D 050 0
102 D 051 1
104 D 051 1
106 D 051 1
108 D 051 0
110 D 051 1
112 D 051 1
114 D 051 1
116 D 051 1
118 D 051 1
120 D 051 1
122 D 051 0
124 D 051 1
126 D 051 0
128 D 051 0
130 D 051 0
132 D 051 1
134 D 051 1
136 D 051 0
138 D 051 0
140 D 051 1
142 D 051 1
144 D 051 1
146 D 051 0
148 D 051 1
150 D 051 1
152 D 051 1
154 D 051 0
156 D 051 1
158 D 051 0
160 D 051 1
162 D 051 0
164 D 051 0
166 D 051 1
168 D 051 0
170 D 051 1
172 D 051 1
174 D 051 0
176 D 051 0
178 D 051 0
180 D 051 1
182 D 051 1
184 D 051 0
186 D 051 0
188 D 051 1
190 D 051 1
192 D 051 1
194 D 051 0
196 D 051 1
198 D 051 0
200 D 051 1
102 D 052 0
104 D 052 0
106 D 052 0
108 D 052 1
110 D 052 0
112 D 052 0
114 D 052 0
116 D 052 0
118 D 052 0
120 D 052 1
122 D 052 0
124 D 052 0
126 D 052 0
128 D 052 0
130 D 052 0
132 D 052 1
134 D 052 1
136 D 052 0
138 D 052 0
140 D 052 0
142 D 052 0
144 D 052 0
146 D 052 0
148 D 052 0
150 D 052 0
152 D 052 0
154 D 052 0
156 D 052 0
158 D 052 0
160 D 052 0
162 D 052 0
164 D 052 0
166 D 052 0
168 D 052 0
170 D 052 0
172 D 052 0
174 D 052 0
176 D 052 0
178 D 052 0
180 D 052 1
182 D 052 0
184 D 052 0
186 D 052 1
188 D 052 0
190 D 052 0
192 D 052 0
194 D 052 0
196 D 052 0
198 D 052 0
200 D 052 0
102 D 053 1
104 D 053 1
106 D 053 1
108 D 053 1
110 D 053 0
112 D 053 0
114 D 053 1
116 D 053 1
118 D 053 1
120 D 053 0
122 D 053 1
124 D 053 1
126 D 053 1
128 D 053 0
130 D 053 0
132 D 053 1
134 D 053 1
136 D 053 1
138 D 053 1
140 D 053 0
142 D 053 0
144 D 053 0
146 D 053 1
148 D 053 0
150 D 053 1
152 D 053 0
154 D 053 1
156 D 053 1
158 D 053 1
160 D 053 0
162 D 053 1
164 D 053 1
166 D 053 1
168 D 053 1
170 D 053 0
172 D 053 1
174 D 053 1
176 D 053 1
178 D 053 0
180 D 053 1
182 D 053 1
184 D 053 1
186 D 053 0
188 D 053 1
190 D 053 0
192 D 053 1
194 D 053 1
196 D 053 1
198 D 053 1
200 D 053 1
102 D 054 1
104 D 054 0
106 D 054 1
108 D 054 1
110 D 054 1
112 D 054 1
114 D 054 0
116 D 054 1
118 D 054 1
120 D 054 1
122 D 054 0
124 D 054 1
126 D 054 1
128 D 054 1
130 D 054 1
132 D 054 0
134 D 054 1
136 D 054 1
138 D 054 0
140 D 054 1
142 D 054 1
144 D 054 1
146 D 054 1
148 D 054 1
150 D 054 1
152 D 054 1
154 D 054 1
156 D 054 1
158 D 054 0
160 D 054 1
162 D 054 1
164 D 054 0
166 D 054 1
168 D 054 0
170 D 054 0
172 D 054 1
174 D 054 1
176 D 054 0
178 D 054 1
180 D 054 1
182 D 054 1
184 D 054 1
186 D 054 1
188 D 054 1
190 D 054 1
192 D 054 1
194 D 054 1
196 D 054 1
198 D 054 1
200 D 054 1
102 D 055 1
104 D 055 1
106 D 055 1
108 D 055 1
110 D 055 0
112 D 055 1
114 D 055 1
116 D 055 0
118 D 055 1
120 D 055 0
122 D 055 1
124 D 055 0
126 D 055 1
128 D 055 1
130 D 055 1
132 D 055 0
134 D 055 0
136 D 055 0
138 D 055 0
140 D 055 1
142 D 055 1
144 D 055 1
146 D 055 0
148 D 055 1
150 D 055 1
152 D 055 0
154 D 055 1
156 D 055 0
158 D 055 0
160 D 055 1
162 D 055 1
164 D 055 1
166 D 055 1
168 D 055 0
170 D 055 1
172 D 055 1
174 D 055 1
176 D 055 1
178 D 055 1
180 D 055 1
182 D 055 0
184 D 055 1
186 D 055 1
188 D 055 0
190 D 055 0
192 D 055 0
194 D 055 1
196 D 055 1
198 D 055 1
200 D 055 1
102 D 056 1
104 D 056 1
106 D 056 1
108 D 056 1
110 D 056 1
112 D 056 1
114 D 056 1
116 D 056 1
118 D 056 1
120 D 056 1
122 D 056 0
124 D 056 1
126 D 056 1
128 D 056 1
130 D 056 1
132 D 056 1
134 D 056 1
136 D 056 1
138 D 056 1
140 D 056 1
142 D 056 1
144 D 056 1
146 D 056 1
148 D 056 1
150 D 056 1
152 D 056 0
154 D 056 1
156 D 056 1
158 D 056 1
160 D 056 1
162 D 056 1
164 D 056 1
166 D 056 1
168 D 056 1
170 D 056 1
172 D 056 1
174 D 056 0
176 D 056 1
178 D 056 1
180 D 056 1
182 D 056 1
184 D 056 1
186 D 056 1
188 D 056 1
190 D 056 1
192 D 056 1
194 D 056 1
196 D 056 1
198 D 056 1
200 D 056 1
102 D 057 0
104 D 057 1
106 D 057 1
108 D 057 0
110 D 057 0
112 D 057 0
114 D 057 0
116 D 057 0
118 D 057 1
120 D 057 0
122 D 057 0
124 D 057 1
126 D 057 1
128 D 057 0
130 D 057 0
132 D 057 1
134 D 057 0
136 D 057 0
138 D 057 0
140 D 057 0
142 D 057 1
144 D 057 1
146 D 057 0
148 D 057 1
150 D 057 1
152 D 057 1
154 D 057 1
156 D 057 1
158 D 057 0
160 D 057 0
162 D 057 0
164 D 057 1
166 D 057 1
168 D 057 1
170 D 057 0
172 D 057 1
174 D 057 0
176 D 057 0
178 D 057 0
180 D 057 0
182 D 057 0
184 D 057 0
186 D 057 1
188 D 057 0
190 D 057 0
192 D 057 1
194 D 057 0
196 D 057 0
198 D 057 1
200 D 057 0
102 D 058 1
104 D 058 1
106 D 058 1
108 D 058 1
110 D 058 1
112 D 058 1
114 D 058 1
116 D 058 1
118 D 058 1
120 D 058 1
122 D 058 1
124 D 058 1
126 D 058 1
128 D 058 1
130 D 058 1
132 D 058 1
134 D 058 1
136 D 058 1
138 D 058 1
140 D 058 1
142 D 058 1
144 D 058 1
146 D 058 1
148 D 058 1
150 D 058 1
152 D 058 1
154 D 058 1
156 D 058 1
158 D 058 1
160 D 058 1
162 D 058 1
164 D 058 1
166 D 058 1
168 D 058 1
170 D 058 1
172 D 058 1
174 D 058 1
176 D 058 1
178 D 058 1
180 D 058 1
182 D 058 1
184 D 058 1
186 D 058 1
188 D 058 1
190 D 058 1
192 D 058 1
194 D 058 1
196 D 058 1
198 D 058 1
200 D 058 1
102 D 059 1
104 D 059 1
106 D 059 1
108 D 059 1
110 D 059 0
112 D 059 1
114 D 059 1
116 D 059 0
118 D 059 1
120 D 059 0
122 D 059 1
124 D 059 1
126 D 059 0
128 D 059 1
130 D 059 1
132 D 059 1
134 D 059 1
136 D 059 1
138 D 059 1
140 D 059 1
142 D 059 0
144 D 059 0
146 D 059 1
148 D 059 1
150 D 059 1
152 D 059 1
154 D 059 1
156 D 059 1
158 D 059 1
160 D 059 1
162 D 059 1
164 D 059 1
166 D 059 1
168 D 059 1
170 D 059 1
172 D 059 1
174 D 059 0
176 D 059 1
178 D 059 1
180 D 059 1
182 D 059 1
184 D 059 1
186 D 059 0
188 D 059 1
190 D 059 1
192 D 059 1
194 D 059 1
196 D 059 1
198 D 059 1
200 D 059 1
102 D 060 1
104 D 060 1
106 D 060 1
108 D 060 1
110 D 060 0
112 D 060 1
114 D 060 0
116 D 060 0
118 D 060 1
120 D 060 1
122 D 060 1
124 D 060 0
126 D 060 0
128 D 060 0
130 D 060 1
132 D 060 0
134 D 060 1
136 D 060 0
138 D 060 0
140 D 060 1
142 D 060 0
144 D 060 0
146 D 060 0
148 D 060 1
150 D 060 1
152 D 060 0
154 D 060 1
156 D 060 1
158 D 060 1
160 D 060 1
162 D 060 1
164 D 060 0
166 D 060 1
168 D 060 1
170 D 060 1
172 D 060 1
174 D 060 1
176 D 060 0
178 D 060 1
180 D 060 0
182 D 060 1
184 D 060 0
186 D 060 0
188 D 060 1
190 D 060 1
192 D 060 1
194 D 060 1
196 D 060 1
198 D 060 1
200 D 060 1
102 D 061 1
104 D 061 1
106 D 061 1
108 D 061 1
110 D 061 1
112 D 061 1
114 D 061 1
116 D 061 1
118 D 061 1
120 D 061 0
122 D 061 1
124 D 061 1
126 D 061 1
128 D 061 1
130 D 061 1
132 D 061 1
134 D 061 1
136 D 061 1
138 D 061 1
140 D 061 1
142 D 061 1
144 D 061 1
146 D 061 1
148 D 061 1
150 D 061 0
152 D 061 1
154 D 061 1
156 D 061 1
158 D 061 1
160 D 061 1
162 D 061 1
164 D 061 1
166 D 061 1
168 D 061 1
170 D 061 1
172 D 061 1
174 D 061 1
176 D 061 1
178 D 061 1
180 D 061 1
182 D 061 1
184 D 061 1
186 D 061 1
188 D 061 1
190 D 061 1
192 D 061 1
194 D 061 1
196 D 061 1
198 D 061 1
200 D 061 1
102 D 062 1
104 D 062 1
106 D 062 0
108 D 062 1
110 D 062 0
112 D 062 0
114 D 062 1
116 D 062 0
118 D 062 1
120 D 062 0
122 D 062 1
124 D 062 1
126 D 062 1
128 D 062 1
130 D 062 0
132 D 062 1
134 D 062 1
136 D 062 1
138 D 062 1
140 D 062 1
142 D 062 1
144 D 062 1
146 D 062 1
148 D 062 0
150 D 062 1
152 D 062 0
154 D 062 1
156 D 062 0
158 D 062 1
160 D 062 1
162 D 062 1
164 D 062 1
166 D 062 1
168 D 062 1
170 D 062 1
172 D 062 1
174 D 062 1
176 D 062 1
178 D 062 1
180 D 062 0
182 D 062 0
184 D 062 1
186 D 062 1
188 D 062 1
190 D 062 1
192 D 062 1
194 D 062 1
196 D 062 1
198 D 062 1
200 D 062 1
102 D 063 1
104 D 063 0
106 D 063 0
108 D 063 1
110 D 063 0
112 D 063 1
114 D 063 1
116 D 063 1
118 D 063 1
120 D 063 1
122 D 063 0
124 D 063 1
126 D 063 1
128 D 063 0
130 D 063 1
132 D 063 1
134 D 063 1
136 D 063 1
138 D 063 0
140 D 063 1
142 D 063 1
144 D 063 1
146 D 063 1
148 D 063 0
150 D 063 1
152 D 063 1
154 D 063 1
156 D 063 0
158 D 063 1
160 D 063 1
162 D 063 0
164 D 063 1
166 D 063 1
168 D 063 1
170 D 063 1
172 D 063 1
174 D 063 1
176 D 063 1
178 D 063 1
180 D 063 1
182 D 063 1
184 D 063 1
186 D 063 0
188 D 063 1
190 D 063 1
192 D 063 1
194 D 063 0
196 D 063 1
198 D 063 0
200 D 063 0
102 D 064 1
104 D 064 1
106 D 064 0
108 D 064 0
110 D 064 1
112 D 064 1
114 D 064 1
116 D 064 1
118 D 064 1
120 D 064 0
122 D 064 0
124 D 064 1
126 D 064 1
128 D 064 1
130 D 064 1
132 D 064 1
134 D 064 1
136 D 064 1
138 D 064 1
140 D 064 1
142 D 064 1
144 D 064 0
146 D 064 0
148 D 064 1
150 D 064 1
152 D 064 1
154 D 064 1
156 D 064 1
158 D 064 1
160 D 064 1
162 D 064 0
164 D 064 1
166 D 064 1
168 D 064 1
170 D 064 1
172 D 064 1
174 D 064 0
176 D 064 1
178 D 064 1
180 D 064 1
182 D 064 1
184 D 064 1
186 D 064 1
188 D 064 1
190 D 064 0
192 D 064 1
194 D 064 1
196 D 064 1
198 D 064 1
200 D 064 1
102 D 065 1
104 D 065 0
106 D 065 1
108 D 065 1
110 D 065 1
112 D 065 1
114 D 065 1
116 D 065 1
118 D 065 1
120 D 065 1
122 D 065 1
124 D 065 1
126 D 065 1
128 D 065 1
130 D 065 1
132 D 065 1
134 D 065 1
136 D 065 1
138 D 065 1
140 D 065 0
142 D 065 1
144 D 065 1
146 D 065 1
148 D 065 0
150 D 065 1
152 D 065 1
154 D 065 1
156 D 065 1
158 D 065 1
160 D 065 1
162 D 065 1
164 D 065 1
166 D 065 1
168 D 065 1
170 D 065 1
172 D 065 1
174 D 065 1
176 D 065 1
178 D 065 1
180 D 065 1
182 D 065 1
184 D 065 1
186 D 065 1
188 D 065 1
190 D 065 1
192 D 065 1
194 D 065 1
196 D 065 1
198 D 065 1
200 D 065 1
102 D 066 1
104 D 066 1
106 D 066 1
108 D 066 1
110 D 066 1
112 D 066 1
114 D 066 1
116 D 066 1
118 D 066 1
120 D 066 1
122 D 066 1
124 D 066 1
126 D 066 1
128 D 066 1
130 D 066 1
132 D 066 1
134 D 066 1
136 D 066 1
138 D 066 1
140 D 066 1
142 D 066 1
144 D 066 1
146 D 066 1
148 D 066 1
150 D 066 1
152 D 066 1
154 D 066 1
156 D 066 1
158 D 066 1
160 D 066 1
162 D 066 1
164 D 066 1
166 D 066 1
168 D 066 1
170 D 066 1
172 D 066 1
174 D 066 1
176 D 066 1
178 D 066 1
180 D 066 0
182 D 066 1
184 D 066 1
186 D 066 1
188 D 066 1
190 D 066 1
192 D 066 1
194 D 066 1
196 D 066 1
198 D 066 1
200 D 066 1
102 D 067 1
104 D 067 1
106 D 067 1
108 D 067 1
110 D 067 1
112 D 067 1
114 D 067 1
116 D 067 1
118 D 067 1
120 D 067 1
122 D 067 1
124 D 067 1
126 D 067 1
128 D 067 1
130 D 067 1
132 D 067 1
134 D 067 1
136 D 067 1
138 D 067 1
140 D 067 1
142 D 067 1
144 D 067 1
146 D 067 1
148 D 067 1
150 D 067 1
152 D 067 1
154 D 067 1
156 D 067 1
158 D 067 1
160 D 067 1
162 D 067 1
164 D 067 1
166 D 067 1
168 D 067 1
170 D 067 1
172 D 067 1
174 D 067 1
176 D 067 1
178 D 067 1
180 D 067 1
182 D 067 1
184 D 067 0
186 D 067 1
188 D 067 1
190 D 067 0
192 D 067 1
194 D 067 0
196 D 067 1
198 D 067 1
200 D 067 1
102 D 068 1
104 D 068 1
106 D 068 1
108 D 068 1
110 D 068 1
112 D 068 1
114 D 068 0
116 D 068 1
118 D 068 1
120 D 068 1
122 D 068 1
124 D 068 1
126 D 068 1
128 D 068 1
130 D 068 0
132 D 068 1
134 D 068 1
136 D 068 1
138 D 068 1
140 D 068 1
142 D 068 1
144 D 068 1
146 D 068 1
148 D 068 1
150 D 068 1
152 D 068 1
154 D 068 1
156 D 068 1
158 D 068 1
160 D 068 1
162 D 068 0
164 D 068 1
166 D 068 1
168 D 068 1
170 D 068 0
172 D 068 1
174 D 068 1
176 D 068 1
178 D 068 1
180 D 068 1
182 D 068 1
184 D 068 1
186 D 068 1
188 D 068 1
190 D 068 1
192 D 068 1
194 D 068 1
196 D 068 0
198 D 068 1
200 D 068 1
102 D 069 0
104 D 069 1
106 D 069 1
108 D 069 1
110 D 069 0
112 D 069 0
114 D 069 0
116 D 069 0
118 D 069 1
120 D 069 0
122 D 069 0
124 D 069 1
126 D 069 0
128 D 069 0
130 D 069 0
132 D 069 1
134 D 069 1
136 D 069 0
138 D 069 0
140 D 069 0
142 D 069 0
144 D 069 0
146 D 069 1
148 D 069 0
150 D 069 0
152 D 069 1
154 D 069 1
156 D 069 1
158 D 069 0
160 D 069 0
162 D 069 0
164 D 069 1
166 D 069 0
168 D 069 1
170 D 069 0
172 D 069 1
174 D 069 1
176 D 069 0
178 D 069 1
180 D 069 0
182 D 069 0
184 D 069 1
186 D 069 0
188 D 069 0
190 D 069 0
192 D 069 0
194 D 069 0
196 D 069 0
198 D 069 1
200 D 069 0
102 D 070 0
104 D 070 0
106 D 070 0
108 D 070 1
110 D 070 0
112 D 070 0
114 D 070 0
116 D 070 0
118 D 070 0
120 D 070 0
122 D 070 0
124 D 070 0
126 D 070 1
128 D 070 0
130 D 070 0
132 D 070 0
134 D 070 0
136 D 070 0
138 D 070 1
140 D 070 0
142 D 070 0
144 D 070 0
146 D 070 1
148 D 070 0
150 D 070 0
152 D 070 0
154 D 070 0
156 D 070 0
158 D 070 1
160 D 070 0
162 D 070 0
164 D 070 0
166 D 070 1
168 D 070 0
170 D 070 1
172 D 070 0
174 D 070 0
176 D 070 0
178 D 070 0
180 D 070 0
182 D 070 0
184 D 070 1
186 D 070 0
188 D 070 0
190 D 070 0
192 D 070 1
194 D 070 0
196 D 070 0
198 D 070 0
200 D 070 0
102 D 071 1
104 D 071 1
106 D 071 1
108 D 071 1
110 D 071 1
112 D 071 1
114 D 071 1
116 D 071 1
118 D 071 1
120 D 071 1
122 D 071 1
124 D 071 1
126 D 071 1
128 D 071 1
130 D 071 1
132 D 071 1
134 D 071 1
136 D 071 1
138 D 071 1
140 D 071 1
142 D 071 1
144 D 071 1
146 D 071 1
148 D 071 1
150 D 071 1
152 D 071 1
154 D 071 1
156 D 071 1
158 D 071 1
160 D 071 1
162 D 071 1
164 D 071 1
166 D 071 1
168 D 071 1
170 D 071 0
172 D 071 0
174 D 071 1
176 D 071 0
178 D 071 1
180 D 071 1
182 D 071 1
184 D 071 1
186 D 071 1
188 D 071 1
190 D 071 1
192 D 071 1
194 D 071 1
196 D 071 1
198 D 071 1
200 D 071 1
102 D 072 1
104 D 072 1
106 D 072 1
108 D 072 1
110 D 072 1
112 D 072 1
114 D 072 1
116 D 072 1
118 D 072 1
120 D 072 1
122 D 072 1
124 D 072 1
126 D 072 1
128 D 072 1
130 D 072 1
132 D 072 0
134 D 072 1
136 D 072 1
138 D 072 1
140 D 072 1
142 D 072 0
144 D 072 0
146 D 072 1
148 D 072 1
150 D 072 1
152 D 072 0
154 D 072 1
156 D 072 1
158 D 072 1
160 D 072 1
162 D 072 1
164 D 072 1
166 D 072 1
168 D 072 1
170 D 072 1
172 D 072 1
174 D 072 1
176 D 072 1
178 D 072 1
180 D 072 1
182 D 072 1
184 D 072 1
186 D 072 1
188 D 072 1
190 D 072 1
192 D 072 1
194 D 072 1
196 D 072 1
198 D 072 1
200 D 072 1
102 D 073 1
104 D 073 1
106 D 073 1
108 D 073 0
110 D 073 0
112 D 073 1
114 D 073 0
116 D 073 1
118 D 073 0
120 D 073 1
122 D 073 1
124 D 073 1
126 D 073 1
128 D 073 1
130 D 073 1
132 D 073 0
134 D 073 1
136 D 073 1
138 D 073 1
140 D 073 1
142 D 073 0
144 D 073 0
146 D 073 0
148 D 073 1
150 D 073 0
152 D 073 0
154 D 073 1
156 D 073 0
158 D 073 1
160 D 073 0
162 D 073 1
164 D 073 1
166 D 073 1
168 D 073 1
170 D 073 0
172 D 073 1
174 D 073 0
176 D 073 0
178 D 073 0
180 D 073 0
182 D 073 1
184 D 073 1
186 D 073 1
188 D 073 1
190 D 073 0
192 D 073 1
194 D 073 1
196 D 073 1
198 D 073 0
200 D 073 0
102 D 074 1
104 D 074 0
106 D 074 1
108 D 074 0
110 D 074 1
112 D 074 1
114 D 074 1
116 D 074 1
118 D 074 0
120 D 074 1
122 D 074 1
124 D 074 1
126 D 074 1
128 D 074 1
130 D 074 0
132 D 074 0
134 D 074 1
136 D 074 1
138 D 074 0
140 D 074 1
142 D 074 1
144 D 074 0
146 D 074 0
148 D 074 1
150 D 074 0
152 D 074 1
154 D 074 0
156 D 074 1
158 D 074 0
160 D 074 1
162 D 074 0
164 D 074 1
166 D 074 1
168 D 074 0
170 D 074 1
172 D 074 0
174 D 074 1
176 D 074 1
178 D 074 1
180 D 074 1
182 D 074 1
184 D 074 1
186 D 074 1
188 D 074 1
190 D 074 1
192 D 074 0
194 D 074 1
196 D 074 1
198 D 074 0
200 D 074 1
102 D 075 1
104 D 075 1
106 D 075 1
108 D 075 1
110 D 075 1
112 D 075 1
114 D 075 1
116 D 075 1
118 D 075 1
120 D 075 1
122 D 075 1
124 D 075 1
126 D 075 1
128 D 075 1
130 D 075 0
132 D 075 0
134 D 075 1
136 D 075 1
138 D 075 1
140 D 075 1
142 D 075 0
144 D 075 1
146 D 075 1
148 D 075 1
150 D 075 1
152 D 075 1
154 D 075 1
156 D 075 1
158 D 075 1
160 D 075 1
162 D 075 1
164 D 075 0
166 D 075 1
168 D 075 1
170 D 075 1
172 D 075 1
174 D 075 1
176 D 075 1
178 D 075 1
180 D 075 1
182 D 075 1
184 D 075 1
186 D 075 1
188 D 075 1
190 D 075 1
192 D 075 1
194 D 075 1
196 D 075 1
198 D 075 1
200 D 075 0
102 D 076 1
104 D 076 1
106 D 076 1
108 D 076 0
110 D 076 1
112 D 076 1
114 D 076 1
116 D 076 1
118 D 076 1
120 D 076 0
122 D 076 0
124 D 076 1
126 D 076 1
128 D 076 1
130 D 076 1
132 D 076 0
134 D 076 1
136 D 076 1
138 D 076 1
140 D 076 1
142 D 076 0
144 D 076 0
146 D 076 1
148 D 076 1
150 D 076 0
152 D 076 1
154 D 076 1
156 D 076 1
158 D 076 1
160 D 076 0
162 D 076 1
164 D 076 1
166 D 076 1
168 D 076 1
170 D 076 1
172 D 076 0
174 D 076 1
176 D 076 1
178 D 076 1
180 D 076 0
182 D 076 1
184 D 076 1
186 D 076 0
188 D 076 1
190 D 076 0
192 D 076 1
194 D 076 1
196 D 076 1
198 D 076 0
200 D 076 0
102 D 077 0
104 D 077 1
106 D 077 1
108 D 077 0
110 D 077 0
112 D 077 1
114 D 077 1
116 D 077 1
118 D 077 1
120 D 077 0
122 D 077 0
124 D 077 0
126 D 077 0
128 D 077 1
130 D 077 0
132 D 077 0
134 D 077 1
136 D 077 0
138 D 077 0
140 D 077 0
142 D 077 1
144 D 077 0
146 D 077 0
148 D 077 1
150 D 077 0
152 D 077 0
154 D 077 0
156 D 077 0
158 D 077 1
160 D 077 1
162 D 077 0
164 D 077 0
166 D 077 0
168 D 077 1
170 D 077 0
172 D 077 0
174 D 077 1
176 D 077 1
178 D 077 0
180 D 077 1
182 D 077 0
184 D 077 1
186 D 077 1
188 D 077 1
190 D 077 0
192 D 077 0
194 D 077 0
196 D 077 1
198 D 077 0
200 D 077 0
102 D 078 1
104 D 078 1
106 D 078 1
108 D 078 0
110 D 078 1
112 D 078 0
114 D 078 0
116 D 078 1
118 D 078 1
120 D 078 1
122 D 078 0
124 D 078 1
126 D 078 1
128 D 078 1
130 D 078 1
132 D 078 0
134 D 078 1
136 D 078 1
138 D 078 1
140 D 078 1
142 D 078 0
144 D 078 1
146 D 078 0
148 D 078 0
150 D 078 1
152 D 078 0
154 D 078 0
156 D 078 1
158 D 078 1
160 D 078 1
162 D 078 0
164 D 078 0
166 D 078 1
168 D 078 0
170 D 078 0
172 D 078 1
174 D 078 0
176 D 078 1
178 D 078 1
180 D 078 0
182 D 078 1
184 D 078 1
186 D 078 0
188 D 078 1
190 D 078 0
192 D 078 0
194 D 078 1
196 D 078 1
198 D 078 1
200 D 078 1
102 D 079 0
104 D 079 1
106 D 079 1
108 D 079 0
110 D 079 0
112 D 079 0
114 D 079 1
116 D 079 1
118 D 079 1
120 D 079 0
122 D 079 1
124 D 079 0
126 D 079 1
128 D 079 0
130 D 079 1
132 D 079 1
134 D 079 1
136 D 079 1
138 D 079 1
140 D 079 1
142 D 079 1
144 D 079 1
146 D 079 1
148 D 079 1
150 D 079 1
152 D 079 1
154 D 079 1
156 D 079 1
158 D 079 1
160 D 079 0
162 D 079 0
164 D 079 1
166 D 079 1
168 D 079 1
170 D 079 0
172 D 079 1
174 D 079 1
176 D 079 1
178 D 079 1
180 D 079 0
182 D 079 1
184 D 079 1
186 D 079 1
188 D 079 1
190 D 079 1
192 D 079 1
194 D 079 1
196 D 079 1
198 D 079 1
200 D 079 1
102 D 080 1
104 D 080 0
106 D 080 1
108 D 080 1
110 D 080 0
112 D 080 0
114 D 080 1
116 D 080 1
118 D 080 1
120 D 080 1
122 D 080 1
124 D 080 1
126 D 080 1
128 D 080 1
130 D 080 0
132 D 080 1
134 D 080 1
136 D 080 1
138 D 080 1
140 D 080 1
142 D 080 0
144 D 080 1
146 D 080 0
148 D 080 1
150 D 080 1
152 D 080 1
154 D 080 1
156 D 080 1
158 D 080 1
160 D 080 1
162 D 080 1
164 D 080 1
166 D 080 1
168 D 080 1
170 D 080 1
172 D 080 1
174 D 080 1
176 D 080 1
178 D 080 1
180 D 080 1
182 D 080 1
184 D 080 1
186 D 080 1
188 D 080 1
190 D 080 1
192 D 080 1
194 D 080 1
196 D 080 1
198 D 080 1
200 D 080 0
102 D 081 0
104 D 081 0
106 D 081 1
108 D 081 1
110 D 081 0
112 D 081 1
114 D 081 1
116 D 081 1
118 D 081 1
120 D 081 1
122 D 081 1
124 D 081 1
126 D 081 1
128 D 081 1
130 D 081 1
132 D 081 1
134 D 081 1
136 D 081 1
138 D 081 1
140 D 081 0
142 D 081 1
144 D 081 1
146 D 081 0
148 D 081 0
150 D 081 1
152 D 081 0
154 D 081 1
156 D 081 1
158 D 081 1
160 D 081 1
162 D 081 0
164 D 081 0
166 D 081 0
168 D 081 1
170 D 081 1
172 D 081 1
174 D 081 0
176 D 081 1
178 D 081 1
180 D 081 1
182 D 081 0
184 D 081 1
186 D 081 0
188 D 081 0
190 D 081 1
192 D 081 1
194 D 081 0
196 D 081 0
198 D 081 1
200 D 081 1
102 D 082 1
104 D 082 1
106 D 082 0
108 D 082 0
110 D 082 0
112 D 082 1
114 D 082 0
116 D 082 1
118 D 082 0
120 D 082 0
122 D 082 1
124 D 082 0
126 D 082 1
128 D 082 1
130 D 082 0
132 D 082 0
134 D 082 1
136 D 082 0
138 D 082 0
140 D 082 0
142 D 082 0
144 D 082 1
146 D 082 0
148 D 082 0
150 D 082 1
152 D 082 0
154 D 082 0
156 D 082 1
158 D 082 0
160 D 082 0
162 D 082 0
164 D 082 1
166 D 082 0
168 D 082 1
170 D 082 0
172 D 082 1
174 D 082 0
176 D 082 0
178 D 082 1
180 D 082 0
182 D 082 1
184 D 082 1
186 D 082 0
188 D 082 0
190 D 082 0
192 D 082 0
194 D 082 0
196 D 082 0
198 D 082 1
200 D 082 0
102 D 083 0
104 D 083 0
106 D 083 0
108 D 083 0
110 D 083 0
112 D 083 0
114 D 083 0
116 D 083 1
118 D 083 0
120 D 083 0
122 D 083 0
124 D 083 0
126 D 083 0
128 D 083 0
130 D 083 0
132 D 083 0
134 D 083 0
136 D 083 0
138 D 083 0
140 D 083 0
142 D 083 0
144 D 083 0
146 D 083 0
148 D 083 0
150 D 083 0
152 D 083 0
154 D 083 0
156 D 083 0
158 D 083 0
160 D 083 0
162 D 083 0
164 D 083 0
166 D 083 0
168 D 083 0
170 D 083 0
172 D 083 0
174 D 083 0
176 D 083 1
178 D 083 0
180 D 083 0
182 D 083 0
184 D 083 0
186 D 083 0
188 D 083 0
190 D 083 0
192 D 083 0
194 D 083 0
196 D 083 0
198 D 083 0
200 D 083 0
102 D 084 1
104 D 084 1
106 D 084 1
108 D 084 0
110 D 084 1
112 D 084 1
114 D 084 1
116 D 084 1
118 D 084 0
120 D 084 0
122 D 084 1
124 D 084 1
126 D 084 1
128 D 084 1
130 D 084 1
132 D 084 0
134 D 084 1
136 D 084 0
138 D 084 1
140 D 084 0
142 D 084 1
144 D 084 0
146 D 084 0
148 D 084 1
150 D 084 1
152 D 084 1
154 D 084 0
156 D 084 0
158 D 084 1
160 D 084 0
162 D 084 0
164 D 084 1
166 D 084 1
168 D 084 1
170 D 084 1
172 D 084 1
174 D 084 0
176 D 084 0
178 D 084 1
180 D 084 0
182 D 084 0
184 D 084 0
186 D 084 0
188 D 084 1
190 D 084 1
192 D 084 0
194 D 084 1
196 D 084 1
198 D 084 1
200 D 084 0
102 D 085 0
104 D 085 0
106 D 085 0
108 D 085 0
110 D 085 0
112 D 085 0
114 D 085 1
116 D 085 0
118 D 085 1
120 D 085 1
122 D 085 1
124 D 085 0
126 D 085 0
128 D 085 0
130 D 085 0
132 D 085 0
134 D 085 0
136 D 085 1
138 D 085 0
140 D 085 0
142 D 085 0
144 D 085 0
146 D 085 0
148 D 085 0
150 D 085 1
152 D 085 1
154 D 085 0
156 D 085 0
158 D 085 1
160 D 085 0
162 D 085 0
164 D 085 0
166 D 085 1
168 D 085 0
170 D 085 0
172 D 085 0
174 D 085 0
176 D 085 0
178 D 085 0
180 D 085 0
182 D 085 0
184 D 085 1
186 D 085 0
188 D 085 0
190 D 085 1
192 D 085 0
194 D 085 0
196 D 085 1
198 D 085 0
200 D 085 0
102 D 086 1
104 D 086 0
106 D 086 1
108 D 086 0
110 D 086 1
112 D 086 0
114 D 086 0
116 D 086 0
118 D 086 0
120 D 086 0
122 D 086 1
124 D 086 1
126 D 086 1
128 D 086 0
130 D 086 1
132 D 086 0
134 D 086 0
136 D 086 1
138 D 086 0
140 D 086 1
142 D 086 0
144 D 086 1
146 D 086 0
148 D 086 0
150 D 086 1
152 D 086 0
154 D 086 1
156 D 086 0
158 D 086 0
160 D 086 0
162 D 086 1
164 D 086 0
166 D 086 1
168 D 086 1
170 D 086 1
172 D 086 0
174 D 086 1
176 D 086 0
178 D 086 1
180 D 086 1
182 D 086 0
184 D 086 1
186 D 086 0
188 D 086 1
190 D 086 1
192 D 086 0
194 D 086 0
196 D 086 0
198 D 086 0
200 D 086 0
102 D 087 1
104 D 087 0
106 D 087 0
108 D 087 0
110 D 087 1
112 D 087 0
114 D 087 0
116 D 087 1
118 D 087 0
120 D 087 0
122 D 087 0
124 D 087 1
126 D 087 0
128 D 087 1
130 D 087 0
132 D 087 0
134 D 087 1
136 D 087 0
138 D 087 1
140 D 087 0
142 D 087 1
144 D 087 0
146 D 087 1
148 D 087 1
150 D 087 1
152 D 087 0
154 D 087 1
156 D 087 0
158 D 087 1
160 D 087 1
162 D 087 1
164 D 087 1
166 D 087 1
168 D 087 0
170 D 087 0
172 D 087 0
174 D 087 1
176 D 087 1
178 D 087 1
180 D 087 1
182 D 087 1
184 D 087 0
186 D 087 0
188 D 087 1
190 D 087 0
192 D 087 0
194 D 087 0
196 D 087 0
198 D 087 0
200 D 087 0
102 D 088 0
104 D 088 1
106 D 088 1
108 D 088 1
110 D 088 0
112 D 088 1
114 D 088 1
116 D 088 1
118 D 088 1
120 D 088 1
122 D 088 1
124 D 088 1
126 D 088 1
128 D 088 1
130 D 088 1
132 D 088 1
134 D 088 1
136 D 088 1
138 D 088 1
140 D 088 1
142 D 088 1
144 D 088 1
146 D 088 1
148 D 088 1
150 D 088 1
152 D 088 0
154 D 088 1
156 D 088 1
158 D 088 1
160 D 088 1
162 D 088 1
164 D 088 1
166 D 088 1
168 D 088 1
170 D 088 1
172 D 088 1
174 D 088 1
176 D 088 1
178 D 088 1
180 D 088 1
182 D 088 1
184 D 088 1
186 D 088 1
188 D 088 1
190 D 088 1
192 D 088 1
194 D 088 1
196 D 088 1
198 D 088 1
200 D 088 1
102 D 089 1
104 D 089 1
106 D 089 1
108 D 089 1
110 D 089 1
112 D 089 0
114 D 089 0
116 D 089 1
118 D 089 1
120 D 089 1
122 D 089 1
124 D 089 1
126 D 089 0
128 D 089 1
130 D 089 0
132 D 089 1
134 D 089 1
136 D 089 1
138 D 089 1
140 D 089 1
142 D 089 1
144 D 089 1
146 D 089 1
148 D 089 0
150 D 089 0
152 D 089 1
154 D 089 1
156 D 089 0
158 D 089 1
160 D 089 1
162 D 089 0
164 D 089 1
166 D 089 1
168 D 089 0
170 D 089 1
172 D 089 1
174 D 089 1
176 D 089 1
178 D 089 1
180 D 089 1
182 D 089 1
184 D 089 1
186 D 089 1
188 D 089 1
190 D 089 1
192 D 089 1
194 D 089 1
196 D 089 1
198 D 089 0
200 D 089 1
102 D 090 0
104 D 090 1
106 D 090 0
108 D 090 0
110 D 090 0
112 D 090 1
114 D 090 0
116 D 090 0
118 D 090 0
120 D 090 0
122 D 090 0
124 D 090 0
126 D 090 0
128 D 090 0
130 D 090 0
132 D 090 0
134 D 090 0
136 D 090 0
138 D 090 1
140 D 090 0
142 D 090 0
144 D 090 1
146 D 090 0
148 D 090 0
150 D 090 1
152 D 090 0
154 D 090 0
156 D 090 0
158 D 090 1
160 D 090 1
162 D 090 0
164 D 090 1
166 D 090 0
168 D 090 0
170 D 090 0
172 D 090 0
174 D 090 0
176 D 090 0
178 D 090 0
180 D 090 0
182 D 090 1
184 D 090 0
186 D 090 0
188 D 090 0
190 D 090 0
192 D 090 0
194 D 090 0
196 D 090 0
198 D 090 0
200 D 090 0
102 D 091 1
104 D 091 0
106 D 091 1
108 D 091 0
110 D 091 0
112 D 091 1
114 D 091 1
116 D 091 1
118 D 091 1
120 D 091 1
122 D 091 1
124 D 091 1
126 D 091 0
128 D 091 0
130 D 091 1
132 D 091 1
134 D 091 1
136 D 091 1
138 D 091 1
140 D 091 1
142 D 091 0
144 D 091 1
146 D 091 1
148 D 091 0
150 D 091 0
152 D 091 0
154 D 091 1
156 D 091 1
158 D 091 1
160 D 091 1
162 D 091 1
164 D 091 1
166 D 091 1
168 D 091 1
170 D 091 0
172 D 091 1
174 D 091 1
176 D 091 1
178 D 091 0
180 D 091 0
182 D 091 1
184 D 091 1
186 D 091 0
188 D 091 1
190 D 091 0
192 D 091 1
194 D 091 0
196 D 091 1
198 D 091 0
200 D 091 1
102 D 092 1
104 D 092 1
106 D 092 1
108 D 092 1
110 D 092 0
112 D 092 1
114 D 092 1
116 D 092 1
118 D 092 1
120 D 092 1
122 D 092 1
124 D 092 1
126 D 092 1
128 D 092 1
130 D 092 0
132 D 092 1
134 D 092 0
136 D 092 1
138 D 092 1
140 D 092 1
142 D 092 1
144 D 092 1
146 D 092 1
148 D 092 1
150 D 092 1
152 D 092 1
154 D 092 1
156 D 092 1
158 D 092 1
160 D 092 1
162 D 092 1
164 D 092 1
166 D 092 1
168 D 092 1
170 D 092 0
172 D 092 0
174 D 092 0
176 D 092 1
178 D 092 1
180 D 092 1
182 D 092 1
184 D 092 1
186 D 092 1
188 D 092 1
190 D 092 1
192 D 092 1
194 D 092 1
196 D 092 1
198 D 092 1
200 D 092 1
102 D 093 0
104 D 093 0
106 D 093 0
108 D 093 0
110 D 093 0
112 D 093 0
114 D 093 0
116 D 093 1
118 D 093 0
120 D 093 0
122 D 093 0
124 D 093 0
126 D 093 0
128 D 093 0
130 D 093 1
132 D 093 0
134 D 093 0
136 D 093 0
138 D 093 1
140 D 093 0
142 D 093 0
144 D 093 0
146 D 093 0
148 D 093 0
150 D 093 0
152 D 093 0
154 D 093 0
156 D 093 0
158 D 093 0
160 D 093 0
162 D 093 0
164 D 093 0
166 D 093 1
168 D 093 0
170 D 093 0
172 D 093 0
174 D 093 0
176 D 093 0
178 D 093 0
180 D 093 0
182 D 093 0
184 D 093 1
186 D 093 0
188 D 093 0
190 D 093 0
192 D 093 0
194 D 093 0
196 D 093 0
198 D 093 1
200 D 093 0
102 D 094 1
104 D 094 1
106 D 094 1
108 D 094 1
110 D 094 1
112 D 094 1
114 D 094 1
116 D 094 1
118 D 094 1
120 D 094 1
122 D 094 1
124 D 094 1
126 D 094 1
128 D 094 1
130 D 094 1
132 D 094 1
134 D 094 1
136 D 094 1
138 D 094 1
140 D 094 1
142 D 094 1
144 D 094 1
146 D 094 1
148 D 094 1
150 D 094 0
152 D 094 1
154 D 094 1
156 D 094 1
158 D 094 1
160 D 094 1
162 D 094 1
164 D 094 1
166 D 094 1
168 D 094 1
170 D 094 1
172 D 094 1
174 D 094 1
176 D 094 1
178 D 094 1
180 D 094 1
182 D 094 1
184 D 094 1
186 D 094 1
188 D 094 1
190 D 094 1
192 D 094 1
194 D 094 1
196 D 094 1
198 D 094 1
200 D 094 1
102 D 095 0
104 D 095 0
106 D 095 0
108 D 095 0
110 D 095 0
112 D 095 1
114 D 095 1
116 D 095 0
118 D 095 1
120 D 095 1
122 D 095 0
124 D 095 1
126 D 095 0
128 D 095 1
130 D 095 0
132 D 095 0
134 D 095 0
136 D 095 0
138 D 095 0
140 D 095 1
142 D 095 0
144 D 095 1
146 D 095 1
148 D 095 0
150 D 095 0
152 D 095 1
154 D 095 0
156 D 095 0
158 D 095 0
160 D 095 0
162 D 095 0
164 D 095 0
166 D 095 0
168 D 095 0
170 D 095 0
172 D 095 0
174 D 095 0
176 D 095 1
178 D 095 0
180 D 095 0
182 D 095 1
184 D 095 1
186 D 095 0
188 D 095 0
190 D 095 0
192 D 095 1
194 D 095 0
196 D 095 1
198 D 095 0
200 D 095 1
102 D 096 1
104 D 096 1
106 D 096 1
108 D 096 1
110 D 096 1
112 D 096 1
114 D 096 1
116 D 096 1
118 D 096 1
120 D 096 1
122 D 096 1
124 D 096 1
126 D 096 1
128 D 096 1
130 D 096 1
132 D 096 1
134 D 096 1
136 D 096 1
138 D 096 1
140 D 096 1
142 D 096 1
144 D 096 1
146 D 096 1
148 D 096 1
150 D 096 1
152 D 096 1
154 D 096 1
156 D 096 1
158 D 096 1
160 D 096 1
162 D 096 1
164 D 096 1
166 D 096 1
168 D 096 1
170 D 096 1
172 D 096 1
174 D 096 1
176 D 096 1
178 D 096 1
180 D 096 1
182 D 096 1
184 D 096 1
186 D 096 1
188 D 096 1
190 D 096 1
192 D 096 1
194 D 096 1
196 D 096 1
198 D 096 1
200 D 096 1
102 D 097 1
104 D 097 1
106 D 097 0
108 D 097 0
110 D 097 1
112 D 097 1
114 D 097 1
116 D 097 1
118 D 097 1
120 D 097 1
122 D 097 1
124 D 097 0
126 D 097 1
128 D 097 0
130 D 097 0
132 D 097 1
134 D 097 1
136 D 097 0
138 D 097 1
140 D 097 0
142 D 097 0
144 D 097 1
146 D 097 1
148 D 097 1
150 D 097 1
152 D 097 0
154 D 097 0
156 D 097 0
158 D 097 1
160 D 097 0
162 D 097 1
164 D 097 1
166 D 097 0
168 D 097 1
170 D 097 0
172 D 097 1
174 D 097 0
176 D 097 1
178 D 097 1
180 D 097 0
182 D 097 1
184 D 097 0
186 D 097 0
188 D 097 1
190 D 097 1
192 D 097 1
194 D 097 1
196 D 097 1
198 D 097 0
200 D 097 1
102 D 098 1
104 D 098 1
106 D 098 1
108 D 098 1
110 D 098 1
112 D 098 1
114 D 098 1
116 D 098 1
118 D 098 1
120 D 098 1
122 D 098 1
124 D 098 1
126 D 098 1
128 D 098 0
130 D 098 1
132 D 098 1
134 D 098 1
136 D 098 1
138 D 098 1
140 D 098 1
142 D 098 1
144 D 098 1
146 D 098 1
148 D 098 1
150 D 098 1
152 D 098 1
154 D 098 1
156 D 098 1
158 D 098 1
160 D 098 1
162 D 098 1
164 D 098 1
166 D 098 1
168 D 098 1
170 D 098 1
172 D 098 1
174 D 098 1
176 D 098 1
178 D 098 1
180 D 098 1
182 D 098 1
184 D 098 1
186 D 098 1
188 D 098 1
190 D 098 1
192 D 098 1
194 D 098 1
196 D 098 1
198 D 098 1
200 D 098 1
102 D 099 1
104 D 099 1
106 D 099 1
108 D 099 1
110 D 099 0
112 D 099 1
114 D 099 0
116 D 099 1
118 D 099 1
120 D 099 1
122 D 099 1
124 D 099 1
126 D 099 1
128 D 099 0
130 D 099 0
132 D 099 1
134 D 099 0
136 D 099 1
138 D 099 1
140 D 099 1
142 D 099 1
144 D 099 1
146 D 099 1
148 D 099 1
150 D 099 1
152 D 099 0
154 D 099 1
156 D 099 1
158 D 099 1
160 D 099 1
162 D 099 1
164 D 099 1
166 D 099 1
168 D 099 1
170 D 099 1
172 D 099 0
174 D 099 0
176 D 099 1
178 D 099 1
180 D 099 0
182 D 099 0
184 D 099 0
186 D 099 1
188 D 099 1
190 D 099 1
192 D 099 1
194 D 099 1
196 D 099 1
198 D 099 1
200 D 099 1
102 D 100 0
104 D 100 1
106 D 100 1
108 D 100 0
110 D 100 1
112 D 100 1
114 D 100 1
116 D 100 1
118 D 100 1
120 D 100 1
122 D 100 1
124 D 100 1
126 D 100 1
128 D 100 1
130 D 100 1
132 D 100 1
134 D 100 1
136 D 100 1
138 D 100 1
140 D 100 1
142 D 100 0
144 D 100 1
146 D 100 1
148 D 100 1
150 D 100 0
152 D 100 1
154 D 100 0
156 D 100 1
158 D 100 1
160 D 100 1
162 D 100 0
164 D 100 0
166 D 100 0
168 D 100 1
170 D 100 1
172 D 100 1
174 D 100 0
176 D 100 1
178 D 100 1
180 D 100 1
182 D 100 1
184 D 100 1
186 D 100 0
188 D 100 1
190 D 100 1
192 D 100 1
194 D 100 1
196 D 100 1
198 D 100 0
200 D 100 0
102 D 101 1
104 D 101 1
106 D 101 1
108 D 101 0
110 D 101 0
112 D 101 1
114 D 101 1
116 D 101 1
118 D 101 1
120 D 101 1
122 D 101 1
124 D 101 1
126 D 101 1
128 D 101 0
130 D 101 1
132 D 101 1
134 D 101 1
136 D 101 1
138 D 101 1
140 D 101 0
142 D 101 1
144 D 101 1
146 D 101 1
148 D 101 1
150 D 101 0
152 D 101 0
154 D 101 1
156 D 101 1
158 D 101 1
160 D 101 1
162 D 101 0
164 D 101 1
166 D 101 1
168 D 101 1
170 D 101 1
172 D 101 1
174 D 101 0
176 D 101 1
178 D 101 1
180 D 101 0
182 D 101 1
184 D 101 1
186 D 101 1
188 D 101 1
190 D 101 1
192 D 101 1
194 D 101 1
196 D 101 1
198 D 101 1
200 D 101 1
102 D 102 1
104 D 102 1
106 D 102 1
108 D 102 1
110 D 102 1
112 D 102 1
114 D 102 1
116 D 102 1
118 D 102 1
120 D 102 1
122 D 102 1
124 D 102 1
126 D 102 1
128 D 102 1
130 D 102 1
132 D 102 1
134 D 102 1
136 D 102 0
138 D 102 1
140 D 102 1
142 D 102 1
144 D 102 1
146 D 102 1
148 D 102 1
150 D 102 1
152 D 102 0
154 D 102 1
156 D 102 0
158 D 102 1
160 D 102 1
162 D 102 1
164 D 102 1
166 D 102 1
168 D 102 1
170 D 102 1
172 D 102 1
174 D 102 1
176 D 102 0
178 D 102 1
180 D 102 0
182 D 102 1
184 D 102 1
186 D 102 1
188 D 102 1
190 D 102 1
192 D 102 1
194 D 102 0
196 D 102 0
198 D 102 1
200 D 102 1
102 D 103 1
104 D 103 1
106 D 103 1
108 D 103 1
110 D 103 1
112 D 103 1
114 D 103 0
116 D 103 1
118 D 103 1
120 D 103 1
122 D 103 1
124 D 103 1
126 D 103 1
128 D 103 1
130 D 103 1
132 D 103 1
134 D 103 1
136 D 103 1
138 D 103 1
140 D 103 1
142 D 103 1
144 D 103 1
146 D 103 1
148 D 103 1
150 D 103 1
152 D 103 1
154 D 103 1
156 D 103 1
158 D 103 1
160 D 103 1
162 D 103 0
164 D 103 1
166 D 103 1
168 D 103 0
170 D 103 1
172 D 103 1
174 D 103 1
176 D 103 1
178 D 103 0
180 D 103 1
182 D 103 1
184 D 103 1
186 D 103 1
188 D 103 1
190 D 103 1
192 D 103 1
194 D 103 1
196 D 103 1
198 D 103 1
200 D 103 1
102 D 104 1
104 D 104 1
106 D 104 1
108 D 104 0
110 D 104 1
112 D 104 1
114 D 104 1
116 D 104 1
118 D 104 0
120 D 104 1
122 D 104 1
124 D 104 1
126 D 104 1
128 D 104 1
130 D 104 1
132 D 104 1
134 D 104 1
136 D 104 1
138 D 104 1
140 D 104 1
142 D 104 1
144 D 104 1
146 D 104 1
148 D 104 1
150 D 104 0
152 D 104 0
154 D 104 0
156 D 104 0
158 D 104 1
160 D 104 1
162 D 104 0
164 D 104 1
166 D 104 1
168 D 104 1
170 D 104 1
172 D 104 1
174 D 104 0
176 D 104 1
178 D 104 1
180 D 104 1
182 D 104 1
184 D 104 1
186 D 104 1
188 D 104 1
190 D 104 1
192 D 104 1
194 D 104 1
196 D 104 1
198 D 104 0
200 D 104 1
102 D 105 1
104 D 105 1
106 D 105 1
108 D 105 1
110 D 105 1
112 D 105 1
114 D 105 1
116 D 105 1
118 D 105 1
120 D 105 1
122 D 105 1
124 D 105 1
126 D 105 1
128 D 105 1
130 D 105 1
132 D 105 0
134 D 105 1
136 D 105 1
138 D 105 1
140 D 105 1
142 D 105 1
144 D 105 1
146 D 105 1
148 D 105 1
150 D 105 1
152 D 105 1
154 D 105 1
156 D 105 1
158 D 105 1
160 D 105 1
162 D 105 1
164 D 105 1
166 D 105 1
168 D 105 0
170 D 105 1
172 D 105 1
174 D 105 1
176 D 105 1
178 D 105 1
180 D 105 1
182 D 105 1
184 D 105 1
186 D 105 1
188 D 105 1
190 D 105 1
192 D 105 1
194 D 105 1
196 D 105 1
198 D 105 1
200 D 105 1
102 D 106 1
104 D 106 1
106 D 106 1
108 D 106 1
110 D 106 1
112 D 106 1
114 D 106 1
116 D 106 1
118 D 106 1
120 D 106 1
122 D 106 1
124 D 106 1
126 D 106 1
128 D 106 1
130 D 106 1
132 D 106 1
134 D 106 1
136 D 106 1
138 D 106 1
140 D 106 1
142 D 106 1
144 D 106 1
146 D 106 0
148 D 106 1
150 D 106 0
152 D 106 1
154 D 106 1
156 D 106 1
158 D 106 0
160 D 106 0
162 D 106 0
164 D 106 1
166 D 106 1
168 D 106 1
170 D 106 1
172 D 106 0
174 D 106 1
176 D 106 1
178 D 106 1
180 D 106 1
182 D 106 1
184 D 106 1
186 D 106 1
188 D 106 1
190 D 106 1
192 D 106 1
194 D 106 1
196 D 106 1
198 D 106 0
200 D 106 1
102 D 107 1
104 D 107 0
106 D 107 1
108 D 107 0
110 D 107 0
112 D 107 1
114 D 107 1
116 D 107 0
118 D 107 0
120 D 107 0
122 D 107 1
124 D 107 0
126 D 107 1
128 D 107 1
130 D 107 0
132 D 107 0
134 D 107 1
136 D 107 1
138 D 107 0
140 D 107 0
142 D 107 0
144 D 107 0
146 D 107 0
148 D 107 1
150 D 107 0
152 D 107 1
154 D 107 1
156 D 107 0
158 D 107 1
160 D 107 1
162 D 107 1
164 D 107 1
166 D 107 0
168 D 107 1
170 D 107 1
172 D 107 0
174 D 107 1
176 D 107 1
178 D 107 1
180 D 107 0
182 D 107 1
184 D 107 1
186 D 107 0
188 D 107 1
190 D 107 0
192 D 107 0
194 D 107 0
196 D 107 1
198 D 107 0
200 D 107 1
102 D 108 1
104 D 108 1
106 D 108 1
108 D 108 1
110 D 108 1
112 D 108 1
114 D 108 1
116 D 108 1
118 D 108 1
120 D 108 1
122 D 108 1
124 D 108 1
126 D 108 1
128 D 108 1
130 D 108 1
132 D 108 0
134 D 108 1
136 D 108 1
138 D 108 1
140 D 108 1
142 D 108 1
144 D 108 1
146 D 108 1
148 D 108 0
150 D 108 1
152 D 108 1
154 D 108 1
156 D 108 1
158 D 108 1
160 D 108 0
162 D 108 0
164 D 108 1
166 D 108 1
168 D 108 1
170 D 108 1
172 D 108 0
174 D 108 1
176 D 108 1
178 D 108 1
180 D 108 1
182 D 108 1
184 D 108 1
186 D 108 0
188 D 108 1
190 D 108 1
192 D 108 1
194 D 108 1
196 D 108 1
198 D 108 0
200 D 108 1
102 D 109 1
104 D 109 1
106 D 109 1
108 D 109 1
110 D 109 1
112 D 109 1
114 D 109 1
116 D 109 1
118 D 109 1
120 D 109 1
122 D 109 1
124 D 109 1
126 D 109 0
128 D 109 1
130 D 109 1
132 D 109 1
134 D 109 1
136 D 109 1
138 D 109 1
140 D 109 1
142 D 109 0
144 D 109 1
146 D 109 1
148 D 109 1
150 D 109 1
152 D 109 1
154 D 109 1
156 D 109 1
158 D 109 1
160 D 109 1
162 D 109 1
164 D 109 1
166 D 109 1
168 D 109 1
170 D 109 0
172 D 109 1
174 D 109 1
176 D 109 1
178 D 109 1
180 D 109 1
182 D 109 1
184 D 109 1
186 D 109 0
188 D 109 1
190 D 109 1
192 D 109 1
194 D 109 1
196 D 109 1
198 D 109 1
200 D 109 1
102 D 110 1
104 D 110 1
106 D 110 1
108 D 110 0
110 D 110 1
112 D 110 1
114 D 110 1
116 D 110 1
118 D 110 1
120 D 110 1
122 D 110 1
124 D 110 1
126 D 110 1
128 D 110 0
130 D 110 0
132 D 110 1
134 D 110 1
136 D 110 1
138 D 110 1
140 D 110 0
142 D 110 1
144 D 110 0
146 D 110 1
148 D 110 1
150 D 110 1
152 D 110 1
154 D 110 1
156 D 110 1
158 D 110 1
160 D 110 0
162 D 110 1
164 D 110 1
166 D 110 1
168 D 110 1
170 D 110 0
172 D 110 1
174 D 110 1
176 D 110 1
178 D 110 0
180 D 110 1
182 D 110 0
184 D 110 1
186 D 110 0
188 D 110 1
190 D 110 1
192 D 110 1
194 D 110 0
196 D 110 0
198 D 110 1
200 D 110 1
102 D 111 1
104 D 111 1
106 D 111 1
108 D 111 1
110 D 111 1
112 D 111 1
114 D 111 1
116 D 111 1
118 D 111 1
120 D 111 1
122 D 111 1
124 D 111 1
126 D 111 1
128 D 111 1
130 D 111 1
132 D 111 1
134 D 111 1
136 D 111 1
138 D 111 1
140 D 111 1
142 D 111 1
144 D 111 1
146 D 111 1
148 D 111 1
150 D 111 1
152 D 111 1
154 D 111 0
156 D 111 1
158 D 111 1
160 D 111 1
162 D 111 1
164 D 111 1
166 D 111 1
168 D 111 1
170 D 111 1
172 D 111 1
174 D 111 1
176 D 111 1
178 D 111 1
180 D 111 1
182 D 111 1
184 D 111 1
186 D 111 1
188 D 111 1
190 D 111 1
192 D 111 1
194 D 111 1
196 D 111 1
198 D 111 1
200 D 111 1
102 D 112 1
104 D 112 1
106 D 112 1
108 D 112 1
110 D 112 1
112 D 112 1
114 D 112 1
116 D 112 1
118 D 112 1
120 D 112 1
122 D 112 1
124 D 112 1
126 D 112 1
128 D 112 1
130 D 112 1
132 D 112 1
134 D 112 1
136 D 112 1
138 D 112 1
140 D 112 1
142 D 112 1
144 D 112 1
146 D 112 1
148 D 112 1
150 D 112 1
152 D 112 1
154 D 112 1
156 D 112 1
158 D 112 1
160 D 112 1
162 D 112 1
164 D 112 1
166 D 112 1
168 D 112 1
170 D 112 1
172 D 112 1
174 D 112 1
176 D 112 1
178 D 112 1
180 D 112 1
182 D 112 1
184 D 112 1
186 D 112 1
188 D 112 1
190 D 112 1
192 D 112 1
194 D 112 1
196 D 112 1
198 D 112 1
200 D 112 1
102 D 113 1
104 D 113 1
106 D 113 1
108 D 113 1
110 D 113 0
112 D 113 1
114 D 113 0
116 D 113 1
118 D 113 1
120 D 113 1
122 D 113 1
124 D 113 1
126 D 113 1
128 D 113 1
130 D 113 1
132 D 113 1
134 D 113 1
136 D 113 1
138 D 113 1
140 D 113 1
142 D 113 0
144 D 113 1
146 D 113 1
148 D 113 1
150 D 113 0
152 D 113 1
154 D 113 1
156 D 113 1
158 D 113 1
160 D 113 1
162 D 113 1
164 D 113 1
166 D 113 1
168 D 113 1
170 D 113 1
172 D 113 1
174 D 113 1
176 D 113 1
178 D 113 1
180 D 113 1
182 D 113 1
184 D 113 1
186 D 113 0
188 D 113 1
190 D 113 1
192 D 113 1
194 D 113 0
196 D 113 1
198 D 113 0
200 D 113 1
102 D 114 1
104 D 114 1
106 D 114 1
108 D 114 0
110 D 114 0
112 D 114 1
114 D 114 1
116 D 114 1
118 D 114 1
120 D 114 0
122 D 114 1
124 D 114 1
126 D 114 1
128 D 114 0
130 D 114 1
132 D 114 1
134 D 114 1
136 D 114 1
138 D 114 1
140 D 114 1
142 D 114 1
144 D 114 1
146 D 114 1
148 D 114 1
150 D 114 1
152 D 114 0
154 D 114 1
156 D 114 0
158 D 114 0
160 D 114 0
162 D 114 0
164 D 114 1
166 D 114 1
168 D 114 1
170 D 114 1
172 D 114 1
174 D 114 1
176 D 114 1
178 D 114 0
180 D 114 0
182 D 114 1
184 D 114 1
186 D 114 0
188 D 114 1
190 D 114 1
192 D 114 1
194 D 114 0
196 D 114 1
198 D 114 0
200 D 114 0
102 D 115 0
104 D 115 0
106 D 115 0
108 D 115 0
110 D 115 0
112 D 115 1
114 D 115 0
116 D 115 1
118 D 115 0
120 D 115 0
122 D 115 1
124 D 115 0
126 D 115 0
128 D 115 1
130 D 115 0
132 D 115 0
134 D 115 0
136 D 115 1
138 D 115 0
140 D 115 0
142 D 115 0
144 D 115 0
146 D 115 0
148 D 115 0
150 D 115 0
152 D 115 0
154 D 115 0
156 D 115 0
158 D 115 1
160 D 115 0
162 D 115 0
164 D 115 1
166 D 115 0
168 D 115 1
170 D 115 0
172 D 115 0
174 D 115 0
176 D 115 0
178 D 115 0
180 D 115 0
182 D 115 1
184 D 115 0
186 D 115 0
188 D 115 0
190 D 115 0
192 D 115 0
194 D 115 0
196 D 115 0
198 D 115 1
200 D 115 0
102 D 116 1
104 D 116 1
106 D 116 1
108 D 116 0
110 D 116 1
112 D 116 1
114 D 116 1
116 D 116 1
118 D 116 1
120 D 116 1
122 D 116 1
124 D 116 1
126 D 116 1
128 D 116 1
130 D 116 1
132 D 116 0
134 D 116 1
136 D 116 1
138 D 116 1
140 D 116 1
142 D 116 1
144 D 116 1
146 D 116 1
148 D 116 1
150 D 116 1
152 D 116 1
154 D 116 1
156 D 116 1
158 D 116 1
160 D 116 1
162 D 116 1
164 D 116 1
166 D 116 1
168 D 116 1
170 D 116 1
172 D 116 1
174 D 116 1
176 D 116 1
178 D 116 1
180 D 116 1
182 D 116 1
184 D 116 1
186 D 116 1
188 D 116 1
190 D 116 1
192 D 116 1
194 D 116 1
196 D 116 1
198 D 116 1
200 D 116 1
102 D 117 1
104 D 117 1
106 D 117 1
108 D 117 0
110 D 117 0
112 D 117 0
114 D 117 1
116 D 117 1
118 D 117 0
120 D 117 1
122 D 117 0
124 D 117 0
126 D 117 1
128 D 117 0
130 D 117 1
132 D 117 0
134 D 117 1
136 D 117 0
138 D 117 1
140 D 117 1
142 D 117 0
144 D 117 0
146 D 117 0
148 D 117 0
150 D 117 1
152 D 117 1
154 D 117 0
156 D 117 1
158 D 117 1
160 D 117 1
162 D 117 0
164 D 117 0
166 D 117 1
168 D 117 0
170 D 117 0
172 D 117 1
174 D 117 1
176 D 117 1
178 D 117 1
180 D 117 1
182 D 117 1
184 D 117 0
186 D 117 0
188 D 117 1
190 D 117 1
192 D 117 0
194 D 117 1
196 D 117 1
198 D 117 0
200 D 117 0
102 D 118 1
104 D 118 1
106 D 118 1
108 D 118 1
110 D 118 1
112 D 118 1
114 D 118 1
116 D 118 1
118 D 118 1
120 D 118 1
122 D 118 1
124 D 118 1
126 D 118 1
128 D 118 1
130 D 118 1
132 D 118 1
134 D 118 1
136 D 118 1
138 D 118 1
140 D 118 1
142 D 118 1
144 D 118 1
146 D 118 1
148 D 118 1
150 D 118 1
152 D 118 0
154 D 118 1
156 D 118 1
158 D 118 1
160 D 118 1
162 D 118 1
164 D 118 1
166 D 118 1
168 D 118 1
170 D 118 1
172 D 118 1
174 D 118 1
176 D 118 1
178 D 118 1
180 D 118 1
182 D 118 1
184 D 118 1
186 D 118 1
188 D 118 1
190 D 118 1
192 D 118 1
194 D 118 0
196 D 118 1
198 D 118 1
200 D 118 1
102 D 119 0
104 D 119 0
106 D 119 0
108 D 119 0
110 D 119 1
112 D 119 0
114 D 119 0
116 D 119 0
118 D 119 0
120 D 119 0
122 D 119 1
124 D 119 0
126 D 119 0
128 D 119 0
130 D 119 0
132 D 119 1
134 D 119 0
136 D 119 0
138 D 119 0
140 D 119 0
142 D 119 0
144 D 119 1
146 D 119 0
148 D 119 0
150 D 119 0
152 D 119 0
154 D 119 0
156 D 119 0
158 D 119 0
160 D 119 0
162 D 119 0
164 D 119 0
166 D 119 1
168 D 119 1
170 D 119 0
172 D 119 1
174 D 119 0
176 D 119 0
178 D 119 0
180 D 119 0
182 D 119 0
184 D 119 0
186 D 119 0
188 D 119 0
190 D 119 0
192 D 119 1
194 D 119 0
196 D 119 0
198 D 119 0
200 D 119 0
102 D 120 1
104 D 120 0
106 D 120 1
108 D 120 1
110 D 120 0
112 D 120 0
114 D 120 1
116 D 120 0
118 D 120 1
120 D 120 1
122 D 120 0
124 D 120 1
126 D 120 0
128 D 120 0
130 D 120 1
132 D 120 0
134 D 120 1
136 D 120 1
138 D 120 0
140 D 120 1
142 D 120 1
144 D 120 1
146 D 120 0
148 D 120 1
150 D 120 0
152 D 120 0
154 D 120 0
156 D 120 0
158 D 120 1
160 D 120 0
162 D 120 1
164 D 120 1
166 D 120 1
168 D 120 1
170 D 120 0
172 D 120 0
174 D 120 0
176 D 120 0
178 D 120 1
180 D 120 1
182 D 120 1
184 D 120 1
186 D 120 0
188 D 120 1
190 D 120 1
192 D 120 0
194 D 120 0
196 D 120 1
198 D 120 1
200 D 120 0
102 D 121 1
104 D 121 1
106 D 121 1
108 D 121 1
110 D 121 0
112 D 121 1
114 D 121 1
116 D 121 1
118 D 121 1
120 D 121 1
122 D 121 1
124 D 121 1
126 D 121 1
128 D 121 1
130 D 121 1
132 D 121 1
134 D 121 1
136 D 121 1
138 D 121 1
140 D 121 1
142 D 121 1
144 D 121 1
146 D 121 1
148 D 121 1
150 D 121 1
152 D 121 1
154 D 121 1
156 D 121 1
158 D 121 1
160 D 121 1
162 D 121 1
164 D 121 1
166 D 121 1
168 D 121 1
170 D 121 1
172 D 121 1
174 D 121 1
176 D 121 1
178 D 121 1
180 D 121 1
182 D 121 1
184 D 121 1
186 D 121 1
188 D 121 1
190 D 121 1
192 D 121 1
194 D 121 1
196 D 121 1
198 D 121 1
200 D 121 1
102 D 122 1
104 D 122 1
106 D 122 1
108 D 122 1
110 D 122 0
112 D 122 1
114 D 122 1
116 D 122 1
118 D 122 1
120 D 122 1
122 D 122 1
124 D 122 1
126 D 122 1
128 D 122 1
130 D 122 1
132 D 122 1
134 D 122 1
136 D 122 1
138 D 122 1
140 D 122 1
142 D 122 1
144 D 122 1
146 D 122 1
148 D 122 1
150 D 122 1
152 D 122 1
154 D 122 1
156 D 122 1
158 D 122 1
160 D 122 1
162 D 122 1
164 D 122 1
166 D 122 1
168 D 122 1
170 D 122 1
172 D 122 1
174 D 122 1
176 D 122 1
178 D 122 1
180 D 122 1
182 D 122 1
184 D 122 1
186 D 122 1
188 D 122 1
190 D 122 1
192 D 122 1
194 D 122 1
196 D 122 1
198 D 122 1
200 D 122 1
102 D 123 1
104 D 123 1
106 D 123 1
108 D 123 1
110 D 123 1
112 D 123 1
114 D 123 1
116 D 123 1
118 D 123 1
120 D 123 1
122 D 123 1
124 D 123 1
126 D 123 1
128 D 123 1
130 D 123 1
132 D 123 1
134 D 123 1
136 D 123 1
138 D 123 1
140 D 123 1
142 D 123 1
144 D 123 1
146 D 123 1
148 D 123 1
150 D 123 1
152 D 123 1
154 D 123 1
156 D 123 1
158 D 123 1
160 D 123 1
162 D 123 1
164 D 123 1
166 D 123 1
168 D 123 1
170 D 123 1
172 D 123 1
174 D 123 1
176 D 123 1
178 D 123 1
180 D 123 1
182 D 123 1
184 D 123 1
186 D 123 1
188 D 123 1
190 D 123 1
192 D 123 1
194 D 123 1
196 D 123 1
198 D 123 1
200 D 123 1
102 D 124 1
104 D 124 1
106 D 124 1
108 D 124 1
110 D 124 1
112 D 124 1
114 D 124 1
116 D 124 1
118 D 124 1
120 D 124 0
122 D 124 1
124 D 124 0
126 D 124 1
128 D 124 1
130 D 124 0
132 D 124 1
134 D 124 1
136 D 124 1
138 D 124 1
140 D 124 1
142 D 124 1
144 D 124 1
146 D 124 1
148 D 124 1
150 D 124 1
152 D 124 1
154 D 124 1
156 D 124 1
158 D 124 1
160 D 124 0
162 D 124 1
164 D 124 1
166 D 124 1
168 D 124 1
170 D 124 1
172 D 124 1
174 D 124 0
176 D 124 1
178 D 124 1
180 D 124 1
182 D 124 0
184 D 124 1
186 D 124 1
188 D 124 1
190 D 124 1
192 D 124 1
194 D 124 1
196 D 124 1
198 D 124 1
200 D 124 1
102 D 125 0
104 D 125 0
106 D 125 0
108 D 125 0
110 D 125 0
112 D 125 1
114 D 125 0
116 D 125 0
118 D 125 0
120 D 125 0
122 D 125 0
124 D 125 0
126 D 125 0
128 D 125 0
130 D 125 0
132 D 125 0
134 D 125 0
136 D 125 0
138 D 125 0
140 D 125 0
142 D 125 0
144 D 125 0
146 D 125 0
148 D 125 0
150 D 125 0
152 D 125 0
154 D 125 0
156 D 125 0
158 D 125 0
160 D 125 0
162 D 125 0
164 D 125 0
166 D 125 0
168 D 125 0
170 D 125 0
172 D 125 0
174 D 125 0
176 D 125 0
178 D 125 0
180 D 125 0
182 D 125 0
184 D 125 0
186 D 125 0
188 D 125 0
190 D 125 0
192 D 125 1
194 D 125 0
196 D 125 0
198 D 125 0
200 D 125 0
102 D 126 1
104 D 126 1
106 D 126 1
108 D 126 1
110 D 126 0
112 D 126 1
114 D 126 1
116 D 126 1
118 D 126 1
120 D 126 1
122 D 126 1
124 D 126 1
126 D 126 1
128 D 126 1
130 D 126 1
132 D 126 0
134 D 126 1
136 D 126 1
138 D 126 1
140 D 126 1
142 D 126 0
144 D 126 0
146 D 126 0
148 D 126 1
150 D 126 1
152 D 126 0
154 D 126 1
156 D 126 1
158 D 126 1
160 D 126 1
162 D 126 1
164 D 126 1
166 D 126 1
168 D 126 1
170 D 126 0
172 D 126 1
174 D 126 1
176 D 126 1
178 D 126 1
180 D 126 1
182 D 126 1
184 D 126 1
186 D 126 1
188 D 126 1
190 D 126 1
192 D 126 1
194 D 126 1
196 D 126 1
198 D 126 1
200 D 126 1
102 D 127 1
104 D 127 0
106 D 127 1
108 D 127 1
110 D 127 1
112 D 127 0
114 D 127 1
116 D 127 1
118 D 127 1
120 D 127 1
122 D 127 1
124 D 127 1
126 D 127 1
128 D 127 1
130 D 127 0
132 D 127 1
134 D 127 1
136 D 127 1
138 D 127 1
140 D 127 0
142 D 127 1
144 D 127 0
146 D 127 1
148 D 127 1
150 D 127 1
152 D 127 1
154 D 127 1
156 D 127 1
158 D 127 1
160 D 127 1
162 D 127 1
164 D 127 1
166 D 127 1
168 D 127 1
170 D 127 1
172 D 127 1
174 D 127 1
176 D 127 1
178 D 127 0
180 D 127 0
182 D 127 1
184 D 127 1
186 D 127 1
188 D 127 1
190 D 127 0
192 D 127 1
194 D 127 1
196 D 127 1
198 D 127 1
200 D 127 1
102 D 128 0
104 D 128 1
106 D 128 0
108 D 128 0
110 D 128 1
112 D 128 1
114 D 128 0
116 D 128 0
118 D 128 0
120 D 128 0
122 D 128 1
124 D 128 1
126 D 128 1
128 D 128 1
130 D 128 1
132 D 128 0
134 D 128 0
136 D 128 0
138 D 128 0
140 D 128 1
142 D 128 1
144 D 128 1
146 D 128 1
148 D 128 0
150 D 128 1
152 D 128 0
154 D 128 0
156 D 128 1
158 D 128 0
160 D 128 0
162 D 128 0
164 D 128 0
166 D 128 1
168 D 128 0
170 D 128 0
172 D 128 1
174 D 128 0
176 D 128 1
178 D 128 1
180 D 128 0
182 D 128 1
184 D 128 1
186 D 128 1
188 D 128 1
190 D 128 1
192 D 128 0
194 D 128 1
196 D 128 1
198 D 128 0
200 D 128 1
102 D 129 1
104 D 129 1
106 D 129 1
108 D 129 1
110 D 129 1
112 D 129 1
114 D 129 1
116 D 129 1
118 D 129 1
120 D 129 1
122 D 129 1
124 D 129 1
126 D 129 1
128 D 129 1
130 D 129 1
132 D 129 1
134 D 129 1
136 D 129 1
138 D 129 1
140 D 129 1
142 D 129 1
144 D 129 1
146 D 129 1
148 D 129 1
150 D 129 1
152 D 129 1
154 D 129 1
156 D 129 1
158 D 129 1
160 D 129 1
162 D 129 1
164 D 129 1
166 D 129 1
168 D 129 1
170 D 129 1
172 D 129 1
174 D 129 1
176 D 129 1
178 D 129 1
180 D 129 1
182 D 129 1
184 D 129 1
186 D 129 1
188 D 129 1
190 D 129 1
192 D 129 1
194 D 129 1
196 D 129 1
198 D 129 1
200 D 129 1
102 D 130 1
104 D 130 1
106 D 130 1
108 D 130 1
110 D 130 1
112 D 130 1
114 D 130 0
116 D 130 1
118 D 130 1
120 D 130 1
122 D 130 1
124 D 130 0
126 D 130 1
128 D 130 1
130 D 130 0
132 D 130 1
134 D 130 1
136 D 130 1
138 D 130 1
140 D 130 1
142 D 130 1
144 D 130 1
146 D 130 0
148 D 130 1
150 D 130 1
152 D 130 1
154 D 130 1
156 D 130 1
158 D 130 0
160 D 130 1
162 D 130 1
164 D 130 1
166 D 130 1
168 D 130 1
170 D 130 1
172 D 130 1
174 D 130 0
176 D 130 1
178 D 130 1
180 D 130 1
182 D 130 1
184 D 130 1
186 D 130 0
188 D 130 1
190 D 130 1
192 D 130 0
194 D 130 1
196 D 130 1
198 D 130 1
200 D 130 1
102 D 131 1
104 D 131 1
106 D 131 0
108 D 131 0
110 D 131 1
112 D 131 1
114 D 131 0
116 D 131 0
118 D 131 1
120 D 131 0
122 D 131 1
124 D 131 1
126 D 131 1
128 D 131 0
130 D 131 0
132 D 131 1
134 D 131 1
136 D 131 1
138 D 131 1
140 D 131 0
142 D 131 1
144 D 131 1
146 D 131 0
148 D 131 1
150 D 131 0
152 D 131 0
154 D 131 0
156 D 131 1
158 D 131 0
160 D 131 0
162 D 131 1
164 D 131 1
166 D 131 0
168 D 131 1
170 D 131 0
172 D 131 0
174 D 131 0
176 D 131 1
178 D 131 0
180 D 131 0
182 D 131 1
184 D 131 0
186 D 131 1
188 D 131 0
190 D 131 0
192 D 131 1
194 D 131 1
196 D 131 0
198 D 131 0
200 D 131 1
102 D 132 1
104 D 132 1
106 D 132 1
108 D 132 1
110 D 132 1
112 D 132 1
114 D 132 1
116 D 132 1
118 D 132 1
120 D 132 1
122 D 132 1
124 D 132 1
126 D 132 1
128 D 132 1
130 D 132 0
132 D 132 1
134 D 132 1
136 D 132 1
138 D 132 1
140 D 132 1
142 D 132 1
144 D 132 1
146 D 132 1
148 D 132 1
150 D 132 1
152 D 132 1
154 D 132 1
156 D 132 1
158 D 132 1
160 D 132 1
162 D 132 1
164 D 132 1
166 D 132 1
168 D 132 1
170 D 132 1
172 D 132 1
174 D 132 1
176 D 132 1
178 D 132 1
180 D 132 1
182 D 132 1
184 D 132 1
186 D 132 1
188 D 132 1
190 D 132 1
192 D 132 1
194 D 132 1
196 D 132 1
198 D 132 1
200 D 132 1
102 D 133 1
104 D 133 1
106 D 133 1
108 D 133 1
110 D 133 0
112 D 133 1
114 D 133 1
116 D 133 0
118 D 133 0
120 D 133 0
122 D 133 1
124 D 133 0
126 D 133 1
128 D 133 0
130 D 133 1
132 D 133 0
134 D 133 1
136 D 133 1
138 D 133 1
140 D 133 1
142 D 133 1
144 D 133 1
146 D 133 1
148 D 133 0
150 D 133 1
152 D 133 0
154 D 133 1
156 D 133 1
158 D 133 1
160 D 133 1
162 D 133 0
164 D 133 1
166 D 133 1
168 D 133 1
170 D 133 1
172 D 133 1
174 D 133 1
176 D 133 1
178 D 133 1
180 D 133 1
182 D 133 1
184 D 133 1
186 D 133 1
188 D 133 0
190 D 133 1
192 D 133 1
194 D 133 1
196 D 133 1
198 D 133 0
200 D 133 1
102 D 134 1
104 D 134 1
106 D 134 1
108 D 134 0
110 D 134 0
112 D 134 1
114 D 134 1
116 D 134 0
118 D 134 1
120 D 134 1
122 D 134 0
124 D 134 1
126 D 134 1
128 D 134 1
130 D 134 1
132 D 134 0
134 D 134 1
136 D 134 1
138 D 134 1
140 D 134 0
142 D 134 0
144 D 134 1
146 D 134 1
148 D 134 1
150 D 134 1
152 D 134 0
154 D 134 1
156 D 134 1
158 D 134 0
160 D 134 1
162 D 134 1
164 D 134 1
166 D 134 1
168 D 134 1
170 D 134 1
172 D 134 0
174 D 134 1
176 D 134 0
178 D 134 1
180 D 134 0
182 D 134 1
184 D 134 1
186 D 134 1
188 D 134 0
190 D 134 0
192 D 134 1
194 D 134 0
196 D 134 1
198 D 134 1
200 D 134 0
102 D 135 1
104 D 135 1
106 D 135 1
108 D 135 1
110 D 135 1
112 D 135 1
114 D 135 1
116 D 135 1
118 D 135 1
120 D 135 1
122 D 135 1
124 D 135 1
126 D 135 1
128 D 135 1
130 D 135 1
132 D 135 1
134 D 135 1
136 D 135 1
138 D 135 1
140 D 135 1
142 D 135 1
144 D 135 1
146 D 135 1
148 D 135 1
150 D 135 1
152 D 135 1
154 D 135 1
156 D 135 0
158 D 135 1
160 D 135 1
162 D 135 1
164 D 135 1
166 D 135 1
168 D 135 1
170 D 135 1
172 D 135 1
174 D 135 1
176 D 135 1
178 D 135 1
180 D 135 1
182 D 135 1
184 D 135 1
186 D 135 1
188 D 135 1
190 D 135 1
192 D 135 1
194 D 135 1
196 D 135 1
198 D 135 1
200 D 135 1
102 D 136 1
104 D 136 1
106 D 136 1
108 D 136 1
110 D 136 1
112 D 136 1
114 D 136 1
116 D 136 1
118 D 136 1
120 D 136 1
122 D 136 1
124 D 136 1
126 D 136 1
128 D 136 1
130 D 136 1
132 D 136 1
134 D 136 1
136 D 136 1
138 D 136 1
140 D 136 1
142 D 136 1
144 D 136 1
146 D 136 1
148 D 136 1
150 D 136 1
152 D 136 1
154 D 136 1
156 D 136 1
158 D 136 1
160 D 136 1
162 D 136 1
164 D 136 1
166 D 136 1
168 D 136 1
170 D 136 1
172 D 136 1
174 D 136 1
176 D 136 1
178 D 136 0
180 D 136 1
182 D 136 1
184 D 136 1
186 D 136 1
188 D 136 1
190 D 136 1
192 D 136 1
194 D 136 0
196 D 136 1
198 D 136 1
200 D 136 1
102 D 137 0
104 D 137 0
106 D 137 0
108 D 137 0
110 D 137 0
112 D 137 0
114 D 137 0
116 D 137 0
118 D 137 0
120 D 137 0
122 D 137 0
124 D 137 0
126 D 137 0
128 D 137 0
130 D 137 0
132 D 137 0
134 D 137 1
136 D 137 0
138 D 137 0
140 D 137 0
142 D 137 0
144 D 137 1
146 D 137 0
148 D 137 0
150 D 137 0
152 D 137 0
154 D 137 0
156 D 137 0
158 D 137 0
160 D 137 1
162 D 137 0
164 D 137 0
166 D 137 0
168 D 137 0
170 D 137 0
172 D 137 0
174 D 137 0
176 D 137 0
178 D 137 0
180 D 137 1
182 D 137 0
184 D 137 0
186 D 137 0
188 D 137 0
190 D 137 0
192 D 137 0
194 D 137 0
196 D 137 0
198 D 137 0
200 D 137 1
102 D 138 1
104 D 138 1
106 D 138 0
108 D 138 1
110 D 138 1
112 D 138 1
114 D 138 1
116 D 138 1
118 D 138 1
120 D 138 0
122 D 138 1
124 D 138 1
126 D 138 1
128 D 138 0
130 D 138 1
132 D 138 0
134 D 138 1
136 D 138 1
138 D 138 1
140 D 138 1
142 D 138 1
144 D 138 1
146 D 138 1
148 D 138 1
150 D 138 1
152 D 138 1
154 D 138 1
156 D 138 1
158 D 138 1
160 D 138 1
162 D 138 1
164 D 138 1
166 D 138 1
168 D 138 0
170 D 138 1
172 D 138 1
174 D 138 1
176 D 138 0
178 D 138 1
180 D 138 1
182 D 138 1
184 D 138 1
186 D 138 1
188 D 138 1
190 D 138 1
192 D 138 1
194 D 138 1
196 D 138 1
198 D 138 1
200 D 138 1
102 D 139 1
104 D 139 1
106 D 139 1
108 D 139 1
110 D 139 1
112 D 139 1
114 D 139 1
116 D 139 1
118 D 139 1
120 D 139 1
122 D 139 1
124 D 139 1
126 D 139 1
128 D 139 1
130 D 139 1
132 D 139 1
134 D 139 1
136 D 139 1
138 D 139 1
140 D 139 1
142 D 139 1
144 D 139 1
146 D 139 1
148 D 139 1
150 D 139 1
152 D 139 1
154 D 139 1
156 D 139 1
158 D 139 1
160 D 139 1
162 D 139 1
164 D 139 1
166 D 139 1
168 D 139 1
170 D 139 1
172 D 139 1
174 D 139 1
176 D 139 1
178 D 139 1
180 D 139 1
182 D 139 1
184 D 139 1
186 D 139 1
188 D 139 1
190 D 139 1
192 D 139 1
194 D 139 1
196 D 139 1
198 D 139 1
200 D 139 1
102 D 140 0
104 D 140 0
106 D 140 0
108 D 140 0
110 D 140 0
112 D 140 0
114 D 140 0
116 D 140 0
118 D 140 0
120 D 140 0
122 D 140 0
124 D 140 0
126 D 140 0
128 D 140 0
130 D 140 0
132 D 140 0
134 D 140 0
136 D 140 0
138 D 140 0
140 D 140 0
142 D 140 0
144 D 140 0
146 D 140 0
148 D 140 0
150 D 140 0
152 D 140 0
154 D 140 0
156 D 140 0
158 D 140 0
160 D 140 0
162 D 140 0
164 D 140 0
166 D 140 0
168 D 140 0
170 D 140 0
172 D 140 0
174 D 140 0
176 D 140 0
178 D 140 0
180 D 140 0
182 D 140 0
184 D 140 1
186 D 140 0
188 D 140 0
190 D 140 0
192 D 140 0
194 D 140 0
196 D 140 0
198 D 140 0
200 D 140 0
102 D 141 1
104 D 141 1
106 D 141 1
108 D 141 1
110 D 141 0
112 D 141 0
114 D 141 1
116 D 141 1
118 D 141 1
120 D 141 1
122 D 141 1
124 D 141 1
126 D 141 1
128 D 141 1
130 D 141 1
132 D 141 1
134 D 141 1
136 D 141 1
138 D 141 1
140 D 141 1
142 D 141 1
144 D 141 0
146 D 141 1
148 D 141 1
150 D 141 1
152 D 141 1
154 D 141 1
156 D 141 1
158 D 141 1
160 D 141 1
162 D 141 1
164 D 141 1
166 D 141 1
168 D 141 1
170 D 141 1
172 D 141 1
174 D 141 1
176 D 141 1
178 D 141 1
180 D 141 1
182 D 141 1
184 D 141 1
186 D 141 0
188 D 141 1
190 D 141 1
192 D 141 1
194 D 141 1
196 D 141 1
198 D 141 1
200 D 141 1
102 D 142 1
104 D 142 0
106 D 142 1
108 D 142 1
110 D 142 0
112 D 142 1
114 D 142 1
116 D 142 1
118 D 142 1
120 D 142 1
122 D 142 1
124 D 142 1
126 D 142 0
128 D 142 1
130 D 142 1
132 D 142 1
134 D 142 1
136 D 142 1
138 D 142 1
140 D 142 1
142 D 142 0
144 D 142 1
146 D 142 1
148 D 142 1
150 D 142 1
152 D 142 1
154 D 142 1
156 D 142 1
158 D 142 1
160 D 142 1
162 D 142 1
164 D 142 1
166 D 142 1
168 D 142 1
170 D 142 0
172 D 142 1
174 D 142 1
176 D 142 1
178 D 142 1
180 D 142 1
182 D 142 1
184 D 142 1
186 D 142 1
188 D 142 1
190 D 142 1
192 D 142 0
194 D 142 1
196 D 142 1
198 D 142 1
200 D 142 1
102 D 143 1
104 D 143 1
106 D 143 1
108 D 143 1
110 D 143 1
112 D 143 1
114 D 143 0
116 D 143 1
118 D 143 1
120 D 143 1
122 D 143 0
124 D 143 0
126 D 143 1
128 D 143 1
130 D 143 1
132 D 143 0
134 D 143 1
136 D 143 1
138 D 143 1
140 D 143 1
142 D 143 0
144 D 143 0
146 D 143 1
148 D 143 1
150 D 143 0
152 D 143 0
154 D 143 0
156 D 143 1
158 D 143 0
160 D 143 0
162 D 143 1
164 D 143 0
166 D 143 1
168 D 143 0
170 D 143 0
172 D 143 1
174 D 143 1
176 D 143 1
178 D 143 1
180 D 143 1
182 D 143 0
184 D 143 1
186 D 143 1
188 D 143 1
190 D 143 0
192 D 143 0
194 D 143 1
196 D 143 1
198 D 143 1
200 D 143 1
102 D 144 1
104 D 144 1
106 D 144 1
108 D 144 1
110 D 144 1
112 D 144 1
114 D 144 1
116 D 144 1
118 D 144 1
120 D 144 1
122 D 144 1
124 D 144 1
126 D 144 1
128 D 144 1
130 D 144 1
132 D 144 1
134 D 144 1
136 D 144 1
138 D 144 1
140 D 144 1
142 D 144 1
144 D 144 1
146 D 144 1
148 D 144 1
150 D 144 1
152 D 144 1
154 D 144 0
156 D 144 1
158 D 144 1
160 D 144 1
162 D 144 1
164 D 144 1
166 D 144 1
168 D 144 1
170 D 144 1
172 D 144 1
174 D 144 1
176 D 144 1
178 D 144 1
180 D 144 1
182 D 144 1
184 D 144 1
186 D 144 0
188 D 144 1
190 D 144 1
192 D 144 1
194 D 144 1
196 D 144 1
198 D 144 1
200 D 144 1
102 D 145 1
104 D 145 0
106 D 145 1
108 D 145 1
110 D 145 0
112 D 145 0
114 D 145 1
116 D 145 0
118 D 145 1
120 D 145 0
122 D 145 0
124 D 145 1
126 D 145 1
128 D 145 0
130 D 145 0
132 D 145 1
134 D 145 1
136 D 145 1
138 D 145 0
140 D 145 0
142 D 145 1
144 D 145 1
146 D 145 0
148 D 145 0
150 D 145 1
152 D 145 0
154 D 145 1
156 D 145 1
158 D 145 0
160 D 145 0
162 D 145 0
164 D 145 0
166 D 145 0
168 D 145 1
170 D 145 1
172 D 145 0
174 D 145 1
176 D 145 0
178 D 145 0
180 D 145 0
182 D 145 1
184 D 145 0
186 D 145 0
188 D 145 1
190 D 145 1
192 D 145 1
194 D 145 1
196 D 145 0
198 D 145 0
200 D 145 1
102 D 146 0
104 D 146 0
106 D 146 0
108 D 146 0
110 D 146 0
112 D 146 1
114 D 146 1
116 D 146 0
118 D 146 0
120 D 146 0
122 D 146 0
124 D 146 0
126 D 146 0
128 D 146 0
130 D 146 0
132 D 146 0
134 D 146 0
136 D 146 0
138 D 146 0
140 D 146 0
142 D 146 0
144 D 146 0
146 D 146 0
148 D 146 1
150 D 146 0
152 D 146 0
154 D 146 0
156 D 146 0
158 D 146 0
160 D 146 0
162 D 146 0
164 D 146 0
166 D 146 0
168 D 146 0
170 D 146 0
172 D 146 0
174 D 146 0
176 D 146 0
178 D 146 0
180 D 146 0
182 D 146 0
184 D 146 0
186 D 146 0
188 D 146 0
190 D 146 0
192 D 146 0
194 D 146 0
196 D 146 0
198 D 146 1
200 D 146 0
102 D 147 1
104 D 147 1
106 D 147 1
108 D 147 1
110 D 147 1
112 D 147 1
114 D 147 1
116 D 147 1
118 D 147 1
120 D 147 1
122 D 147 1
124 D 147 1
126 D 147 1
128 D 147 1
130 D 147 1
132 D 147 1
134 D 147 1
136 D 147 1
138 D 147 1
140 D 147 1
142 D 147 1
144 D 147 1
146 D 147 1
148 D 147 1
150 D 147 1
152 D 147 1
154 D 147 1
156 D 147 1
158 D 147 1
160 D 147 1
162 D 147 1
164 D 147 1
166 D 147 1
168 D 147 1
170 D 147 1
172 D 147 1
174 D 147 1
176 D 147 1
178 D 147 1
180 D 147 1
182 D 147 1
184 D 147 1
186 D 147 1
188 D 147 1
190 D 147 1
192 D 147 1
194 D 147 1
196 D 147 1
198 D 147 1
200 D 147 1
102 D 148 1
104 D 148 1
106 D 148 1
108 D 148 1
110 D 148 1
112 D 148 1
114 D 148 1
116 D 148 1
118 D 148 1
120 D 148 1
122 D 148 1
124 D 148 1
126 D 148 1
128 D 148 1
130 D 148 1
132 D 148 1
134 D 148 1
136 D 148 1
138 D 148 0
140 D 148 1
142 D 148 1
144 D 148 0
146 D 148 1
148 D 148 1
150 D 148 0
152 D 148 1
154 D 148 1
156 D 148 0
158 D 148 1
160 D 148 0
162 D 148 1
164 D 148 1
166 D 148 1
168 D 148 1
170 D 148 1
172 D 148 1
174 D 148 1
176 D 148 1
178 D 148 1
180 D 148 1
182 D 148 1
184 D 148 1
186 D 148 1
188 D 148 1
190 D 148 1
192 D 148 1
194 D 148 0
196 D 148 1
198 D 148 1
200 D 148 1
102 D 149 1
104 D 149 1
106 D 149 1
108 D 149 1
110 D 149 1
112 D 149 1
114 D 149 1
116 D 149 1
118 D 149 1
120 D 149 1
122 D 149 1
124 D 149 1
126 D 149 1
128 D 149 1
130 D 149 0
132 D 149 1
134 D 149 1
136 D 149 1
138 D 149 1
140 D 149 1
142 D 149 1
144 D 149 1
146 D 149 1
148 D 149 1
150 D 149 1
152 D 149 0
154 D 149 1
156 D 149 1
158 D 149 1
160 D 149 1
162 D 149 1
164 D 149 1
166 D 149 1
168 D 149 1
170 D 149 1
172 D 149 1
174 D 149 1
176 D 149 1
178 D 149 1
180 D 149 1
182 D 149 1
184 D 149 1
186 D 149 1
188 D 149 1
190 D 149 1
192 D 149 1
194 D 149 1
196 D 149 1
198 D 149 1
200 D 149 1
102 D 150 1
104 D 150 1
106 D 150 1
108 D 150 1
110 D 150 1
112 D 150 1
114 D 150 1
116 D 150 1
118 D 150 1
120 D 150 1
122 D 150 1
124 D 150 1
126 D 150 1
128 D 150 1
130 D 150 1
132 D 150 1
134 D 150 1
136 D 150 1
138 D 150 1
140 D 150 1
142 D 150 1
144 D 150 1
146 D 150 1
148 D 150 1
150 D 150 1
152 D 150 1
154 D 150 1
156 D 150 1
158 D 150 1
160 D 150 1
162 D 150 1
164 D 150 1
166 D 150 1
168 D 150 1
170 D 150 1
172 D 150 1
174 D 150 1
176 D 150 1
178 D 150 1
180 D 150 1
182 D 150 1
184 D 150 1
186 D 150 1
188 D 150 1
190 D 150 1
192 D 150 1
194 D 150 1
196 D 150 1
198 D 150 1
200 D 150 1
