StudentID	DomainNum	Total	Mean
001	0	103	0.6867
001	1	17	0.5667
001	2	24	0.6857
001	3	25	0.8333
001	4	24	0.8000
001	5	13	0.5200
002	0	121	0.8067
002	1	26	0.8667
002	2	31	0.8857
002	3	25	0.8333
StudentID	DomainNum	Total	Mean
200	5	17	0.6800
200	4	20	0.6667
200	3	24	0.8000
200	2	28	0.8000
200	1	23	0.7667
200	0	112	0.7467
199	5	20	0.8000
199	4	20	0.6667
199	3	20	0.6667
199	2	27	0.7714
Form	Qnum	Mean
A	001	0.1600
A	002	0.7600
A	003	0.4200
A	004	0.9400
A	005	0.8400
A	006	0.7000
A	007	0.7800
A	008	0.8800
A	009	1.0000
A	010	0.5000
Form	Qnum	Mean
D	150	1.0000
D	149	0.9600
D	148	0.8800
D	147	1.0000
D	146	0.0800
D	145	0.4800
D	144	0.9600
D	143	0.6600
D	142	0.8800
D	141	0.9200
