2 B 1 0
4 B 1 0
6 B 1 0
8 B 1 0
10 B 1 0
12 B 1 0
14 B 1 0
16 B 1 0
18 B 1 0
20 B 1 0
22 B 1 1
24 B 1 0
26 B 1 0
28 B 1 0
30 B 1 0
32 B 1 0
34 B 1 0
36 B 1 0
38 B 1 0
40 B 1 0
42 B 1 0
44 B 1 0
46 B 1 0
48 B 1 0
50 B 1 0
52 B 1 0
54 B 1 0
56 B 1 0
58 B 1 0
60 B 1 0
62 B 1 0
66 B 1 0
68 B 1 1
70 B 1 0
72 B 1 0
74 B 1 0
76 B 1 0
78 B 1 0
80 B 1 0
82 B 1 0
84 B 1 0
86 B 1 0
88 B 1 0
90 B 1 0
92 B 1 1
94 B 1 0
96 B 1 0
98 B 1 0
100 B 1 0
2 B 2 1
4 B 2 0
6 B 2 1
8 B 2 0
10 B 2 1
12 B 2 1
14 B 2 0
16 B 2 0
18 B 2 0
20 B 2 1
22 B 2 0
24 B 2 0
26 B 2 0
28 B 2 1
30 B 2 1
32 B 2 0
34 B 2 0
36 B 2 0
38 B 2 0
40 B 2 0
42 B 2 1
44 B 2 0
46 B 2 1
48 B 2 1
50 B 2 0
52 B 2 0
54 B 2 1
56 B 2 1
58 B 2 0
60 B 2 1
62 B 2 0
66 B 2 0
68 B 2 0
70 B 2 0
72 B 2 0
74 B 2 0
76 B 2 1
78 B 2 0
80 B 2 1
82 B 2 1
84 B 2 0
86 B 2 0
88 B 2 0
90 B 2 0
92 B 2 1
94 B 2 0
96 B 2 0
98 B 2 0
100 B 2 1
2 B 3 1
4 B 3 1
6 B 3 0
8 B 3 1
10 B 3 1
12 B 3 1
14 B 3 1
16 B 3 1
18 B 3 1
20 B 3 1
22 B 3 1
24 B 3 1
26 B 3 1
28 B 3 1
30 B 3 1
32 B 3 0
34 B 3 1
36 B 3 1
38 B 3 1
40 B 3 0
42 B 3 1
44 B 3 1
46 B 3 1
48 B 3 1
50 B 3 1
52 B 3 1
54 B 3 1
56 B 3 1
58 B 3 1
60 B 3 0
62 B 3 1
66 B 3 0
68 B 3 1
70 B 3 1
72 B 3 0
74 B 3 1
76 B 3 1
78 B 3 0
80 B 3 1
82 B 3 1
84 B 3 1
86 B 3 1
88 B 3 1
90 B 3 1
92 B 3 1
94 B 3 1
96 B 3 1
98 B 3 0
100 B 3 1
2 B 4 1
4 B 4 1
6 B 4 1
8 B 4 1
10 B 4 1
12 B 4 1
14 B 4 1
16 B 4 1
18 B 4 1
20 B 4 1
22 B 4 1
24 B 4 1
26 B 4 1
28 B 4 1
30 B 4 1
32 B 4 1
34 B 4 1
36 B 4 1
38 B 4 1
40 B 4 1
42 B 4 1
44 B 4 1
46 B 4 1
48 B 4 1
50 B 4 1
52 B 4 1
54 B 4 1
56 B 4 1
58 B 4 1
60 B 4 1
62 B 4 1
66 B 4 1
68 B 4 1
70 B 4 1
72 B 4 1
74 B 4 1
76 B 4 1
78 B 4 1
80 B 4 1
82 B 4 1
84 B 4 1
86 B 4 1
88 B 4 1
90 B 4 1
92 B 4 1
94 B 4 1
96 B 4 1
98 B 4 1
100 B 4 1
2 B 5 1
4 B 5 1
6 B 5 1
8 B 5 1
10 B 5 1
12 B 5 0
14 B 5 1
16 B 5 1
18 B 5 1
20 B 5 0
22 B 5 0
24 B 5 0
26 B 5 0
28 B 5 0
30 B 5 1
32 B 5 0
34 B 5 1
36 B 5 1
38 B 5 0
40 B 5 1
42 B 5 1
44 B 5 1
46 B 5 1
48 B 5 0
50 B 5 0
52 B 5 0
54 B 5 1
56 B 5 0
58 B 5 0
60 B 5 0
62 B 5 1
66 B 5 1
68 B 5 0
70 B 5 0
72 B 5 0
74 B 5 1
76 B 5 0
78 B 5 0
80 B 5 1
82 B 5 1
84 B 5 0
86 B 5 1
88 B 5 0
90 B 5 0
92 B 5 1
94 B 5 0
96 B 5 1
98 B 5 0
100 B 5 1
2 B 6 1
4 B 6 1
6 B 6 1
8 B 6 1
10 B 6 0
12 B 6 1
14 B 6 1
16 B 6 0
18 B 6 1
20 B 6 1
22 B 6 0
24 B 6 0
26 B 6 1
28 B 6 1
30 B 6 0
32 B 6 1
34 B 6 1
36 B 6 1
38 B 6 1
40 B 6 0
42 B 6 1
44 B 6 0
46 B 6 0
48 B 6 1
50 B 6 0
52 B 6 1
54 B 6 1
56 B 6 1
58 B 6 0
60 B 6 1
62 B 6 1
66 B 6 1
68 B 6 1
70 B 6 1
72 B 6 1
74 B 6 1
76 B 6 1
78 B 6 1
80 B 6 1
82 B 6 1
84 B 6 1
86 B 6 1
88 B 6 0
90 B 6 0
92 B 6 1
94 B 6 1
96 B 6 1
98 B 6 0
100 B 6 1
2 B 7 0
4 B 7 1
6 B 7 1
8 B 7 0
10 B 7 0
12 B 7 1
14 B 7 1
16 B 7 0
18 B 7 0
20 B 7 0
22 B 7 0
24 B 7 0
26 B 7 1
28 B 7 0
30 B 7 1
32 B 7 0
34 B 7 0
36 B 7 1
38 B 7 0
40 B 7 0
42 B 7 0
44 B 7 0
46 B 7 1
48 B 7 1
50 B 7 0
52 B 7 1
54 B 7 0
56 B 7 0
58 B 7 0
60 B 7 1
62 B 7 0
66 B 7 0
68 B 7 0
70 B 7 0
72 B 7 0
74 B 7 1
76 B 7 1
78 B 7 1
80 B 7 0
82 B 7 1
84 B 7 0
86 B 7 0
88 B 7 1
90 B 7 0
92 B 7 1
94 B 7 0
96 B 7 0
98 B 7 0
100 B 7 1
2 B 8 1
4 B 8 0
6 B 8 1
8 B 8 1
10 B 8 1
12 B 8 1
14 B 8 0
16 B 8 1
18 B 8 1
20 B 8 0
22 B 8 0
24 B 8 1
26 B 8 0
28 B 8 0
30 B 8 1
32 B 8 1
34 B 8 1
36 B 8 1
38 B 8 0
40 B 8 1
42 B 8 1
44 B 8 0
46 B 8 1
48 B 8 1
50 B 8 1
52 B 8 1
54 B 8 1
56 B 8 1
58 B 8 0
60 B 8 1
62 B 8 0
66 B 8 0
68 B 8 1
70 B 8 1
72 B 8 0
74 B 8 1
76 B 8 1
78 B 8 1
80 B 8 0
82 B 8 0
84 B 8 1
86 B 8 0
88 B 8 0
90 B 8 1
92 B 8 1
94 B 8 1
96 B 8 1
98 B 8 1
100 B 8 1
2 B 9 1
4 B 9 1
6 B 9 1
8 B 9 1
10 B 9 1
12 B 9 0
14 B 9 0
16 B 9 0
18 B 9 1
20 B 9 1
22 B 9 1
24 B 9 1
26 B 9 1
28 B 9 0
30 B 9 1
32 B 9 0
34 B 9 1
36 B 9 1
38 B 9 0
40 B 9 0
42 B 9 0
44 B 9 0
46 B 9 1
48 B 9 1
50 B 9 1
52 B 9 0
54 B 9 1
56 B 9 0
58 B 9 1
60 B 9 1
62 B 9 1
66 B 9 0
68 B 9 1
70 B 9 1
72 B 9 1
74 B 9 1
76 B 9 1
78 B 9 1
80 B 9 0
82 B 9 1
84 B 9 1
86 B 9 0
88 B 9 1
90 B 9 0
92 B 9 1
94 B 9 0
96 B 9 1
98 B 9 0
100 B 9 0
2 B 10 1
4 B 10 1
6 B 10 1
8 B 10 1
10 B 10 1
12 B 10 1
14 B 10 1
16 B 10 0
18 B 10 0
20 B 10 0
22 B 10 0
24 B 10 1
26 B 10 1
28 B 10 1
30 B 10 1
32 B 10 0
34 B 10 1
36 B 10 1
38 B 10 0
40 B 10 0
42 B 10 1
44 B 10 0
46 B 10 1
48 B 10 1
50 B 10 1
52 B 10 0
54 B 10 1
56 B 10 0
58 B 10 0
60 B 10 1
62 B 10 0
66 B 10 0
68 B 10 1
70 B 10 1
72 B 10 0
74 B 10 1
76 B 10 1
78 B 10 1
80 B 10 0
82 B 10 1
84 B 10 0
86 B 10 0
88 B 10 1
90 B 10 1
92 B 10 1
94 B 10 0
96 B 10 0
98 B 10 1
100 B 10 1
2 B 11 1
4 B 11 1
6 B 11 1
8 B 11 1
10 B 11 1
12 B 11 1
14 B 11 1
16 B 11 1
18 B 11 1
20 B 11 1
22 B 11 1
24 B 11 0
26 B 11 1
28 B 11 1
30 B 11 1
32 B 11 1
34 B 11 0
36 B 11 1
38 B 11 1
40 B 11 1
42 B 11 1
44 B 11 1
46 B 11 1
48 B 11 1
50 B 11 1
52 B 11 0
54 B 11 1
56 B 11 1
58 B 11 1
60 B 11 1
62 B 11 1
66 B 11 1
68 B 11 1
70 B 11 1
72 B 11 1
74 B 11 1
76 B 11 1
78 B 11 1
80 B 11 1
82 B 11 1
84 B 11 1
86 B 11 1
88 B 11 1
90 B 11 1
92 B 11 0
94 B 11 1
96 B 11 1
98 B 11 1
100 B 11 1
2 B 12 1
4 B 12 0
6 B 12 0
8 B 12 0
10 B 12 0
12 B 12 0
14 B 12 1
16 B 12 0
18 B 12 0
20 B 12 0
22 B 12 0
24 B 12 1
26 B 12 1
28 B 12 1
30 B 12 0
32 B 12 0
34 B 12 0
36 B 12 1
38 B 12 0
40 B 12 0
42 B 12 0
44 B 12 0
46 B 12 0
48 B 12 0
50 B 12 0
52 B 12 0
54 B 12 1
56 B 12 1
58 B 12 0
60 B 12 0
62 B 12 0
66 B 12 0
68 B 12 0
70 B 12 0
72 B 12 0
74 B 12 0
76 B 12 0
78 B 12 1
80 B 12 0
82 B 12 1
84 B 12 0
86 B 12 0
88 B 12 0
90 B 12 0
92 B 12 0
94 B 12 0
96 B 12 0
98 B 12 0
100 B 12 0
2 B 13 1
4 B 13 1
6 B 13 1
8 B 13 1
10 B 13 0
12 B 13 1
14 B 13 1
16 B 13 1
18 B 13 1
20 B 13 1
22 B 13 1
24 B 13 1
26 B 13 1
28 B 13 1
30 B 13 1
32 B 13 0
34 B 13 1
36 B 13 1
38 B 13 1
40 B 13 1
42 B 13 1
44 B 13 0
46 B 13 1
48 B 13 1
50 B 13 1
52 B 13 1
54 B 13 1
56 B 13 0
58 B 13 1
60 B 13 0
62 B 13 1
66 B 13 1
68 B 13 1
70 B 13 1
72 B 13 1
74 B 13 1
76 B 13 1
78 B 13 1
80 B 13 1
82 B 13 1
84 B 13 1
86 B 13 1
88 B 13 1
90 B 13 1
92 B 13 1
94 B 13 1
96 B 13 1
98 B 13 1
100 B 13 1
2 B 14 1
4 B 14 1
6 B 14 1
8 B 14 1
10 B 14 1
12 B 14 1
14 B 14 1
16 B 14 1
18 B 14 1
20 B 14 1
22 B 14 1
24 B 14 1
26 B 14 1
28 B 14 1
30 B 14 1
32 B 14 1
34 B 14 1
36 B 14 1
38 B 14 1
40 B 14 1
42 B 14 1
44 B 14 1
46 B 14 1
48 B 14 1
50 B 14 1
52 B 14 1
54 B 14 1
56 B 14 1
58 B 14 1
60 B 14 1
62 B 14 1
66 B 14 1
68 B 14 1
70 B 14 1
72 B 14 1
74 B 14 1
76 B 14 1
78 B 14 1
80 B 14 1
82 B 14 1
84 B 14 1
86 B 14 1
88 B 14 1
90 B 14 1
92 B 14 1
94 B 14 1
96 B 14 1
98 B 14 1
100 B 14 1
2 B 15 1
4 B 15 1
6 B 15 1
8 B 15 1
10 B 15 1
12 B 15 1
14 B 15 1
16 B 15 1
18 B 15 1
20 B 15 1
22 B 15 1
24 B 15 1
26 B 15 1
28 B 15 1
30 B 15 1
32 B 15 1
34 B 15 1
36 B 15 1
38 B 15 1
40 B 15 1
42 B 15 1
44 B 15 0
46 B 15 1
48 B 15 1
50 B 15 1
52 B 15 1
54 B 15 1
56 B 15 1
58 B 15 1
60 B 15 1
62 B 15 1
66 B 15 1
68 B 15 1
70 B 15 1
72 B 15 1
74 B 15 1
76 B 15 1
78 B 15 1
80 B 15 1
82 B 15 1
84 B 15 1
86 B 15 1
88 B 15 1
90 B 15 1
92 B 15 1
94 B 15 1
96 B 15 1
98 B 15 1
100 B 15 1
2 B 16 1
4 B 16 1
6 B 16 1
8 B 16 0
10 B 16 0
12 B 16 1
14 B 16 1
16 B 16 1
18 B 16 0
20 B 16 1
22 B 16 1
24 B 16 0
26 B 16 0
28 B 16 1
30 B 16 0
32 B 16 1
34 B 16 1
36 B 16 1
38 B 16 0
40 B 16 1
42 B 16 1
44 B 16 0
46 B 16 1
48 B 16 0
50 B 16 1
52 B 16 1
54 B 16 1
56 B 16 1
58 B 16 0
60 B 16 0
62 B 16 1
66 B 16 1
68 B 16 1
70 B 16 0
72 B 16 1
74 B 16 1
76 B 16 1
78 B 16 1
80 B 16 1
82 B 16 1
84 B 16 1
86 B 16 1
88 B 16 0
90 B 16 1
92 B 16 1
94 B 16 1
96 B 16 1
98 B 16 0
100 B 16 1
2 B 17 1
4 B 17 1
6 B 17 1
8 B 17 0
10 B 17 1
12 B 17 1
14 B 17 0
16 B 17 1
18 B 17 1
20 B 17 1
22 B 17 1
24 B 17 1
26 B 17 1
28 B 17 1
30 B 17 0
32 B 17 0
34 B 17 1
36 B 17 1
38 B 17 1
40 B 17 0
42 B 17 1
44 B 17 1
46 B 17 1
48 B 17 1
50 B 17 1
52 B 17 1
54 B 17 1
56 B 17 0
58 B 17 0
60 B 17 1
62 B 17 1
66 B 17 1
68 B 17 1
70 B 17 1
72 B 17 1
74 B 17 1
76 B 17 1
78 B 17 1
80 B 17 1
82 B 17 1
84 B 17 1
86 B 17 1
88 B 17 1
90 B 17 0
92 B 17 1
94 B 17 1
96 B 17 1
98 B 17 1
100 B 17 1
2 B 18 1
4 B 18 1
6 B 18 1
8 B 18 0
10 B 18 1
12 B 18 1
14 B 18 1
16 B 18 1
18 B 18 1
20 B 18 1
22 B 18 1
24 B 18 1
26 B 18 1
28 B 18 1
30 B 18 1
32 B 18 1
34 B 18 1
36 B 18 1
38 B 18 1
40 B 18 1
42 B 18 1
44 B 18 1
46 B 18 1
48 B 18 1
50 B 18 1
52 B 18 1
54 B 18 1
56 B 18 1
58 B 18 0
60 B 18 1
62 B 18 1
66 B 18 1
68 B 18 1
70 B 18 1
72 B 18 1
74 B 18 1
76 B 18 1
78 B 18 1
80 B 18 1
82 B 18 1
84 B 18 1
86 B 18 1
88 B 18 0
90 B 18 1
92 B 18 1
94 B 18 1
96 B 18 1
98 B 18 1
100 B 18 1
2 B 19 1
4 B 19 1
6 B 19 1
8 B 19 0
10 B 19 0
12 B 19 1
14 B 19 1
16 B 19 1
18 B 19 0
20 B 19 1
22 B 19 0
24 B 19 1
26 B 19 1
28 B 19 1
30 B 19 1
32 B 19 0
34 B 19 1
36 B 19 1
38 B 19 1
40 B 19 0
42 B 19 1
44 B 19 1
46 B 19 0
48 B 19 1
50 B 19 0
52 B 19 1
54 B 19 1
56 B 19 1
58 B 19 1
60 B 19 1
62 B 19 1
66 B 19 0
68 B 19 1
70 B 19 1
72 B 19 1
74 B 19 1
76 B 19 1
78 B 19 1
80 B 19 1
82 B 19 1
84 B 19 1
86 B 19 1
88 B 19 0
90 B 19 1
92 B 19 0
94 B 19 1
96 B 19 1
98 B 19 0
100 B 19 1
2 B 20 1
4 B 20 1
6 B 20 1
8 B 20 1
10 B 20 1
12 B 20 1
14 B 20 1
16 B 20 1
18 B 20 1
20 B 20 1
22 B 20 1
24 B 20 1
26 B 20 1
28 B 20 1
30 B 20 1
32 B 20 1
34 B 20 1
36 B 20 1
38 B 20 1
40 B 20 1
42 B 20 1
44 B 20 1
46 B 20 1
48 B 20 1
50 B 20 1
52 B 20 1
54 B 20 1
56 B 20 1
58 B 20 1
60 B 20 1
62 B 20 1
66 B 20 1
68 B 20 1
70 B 20 1
72 B 20 1
74 B 20 1
76 B 20 1
78 B 20 1
80 B 20 1
82 B 20 1
84 B 20 1
86 B 20 1
88 B 20 1
90 B 20 1
92 B 20 1
94 B 20 1
96 B 20 1
98 B 20 1
100 B 20 1
2 B 21 1
4 B 21 1
6 B 21 1
8 B 21 1
10 B 21 0
12 B 21 1
14 B 21 1
16 B 21 1
18 B 21 0
20 B 21 1
22 B 21 1
24 B 21 1
26 B 21 1
28 B 21 1
30 B 21 1
32 B 21 1
34 B 21 0
36 B 21 1
38 B 21 0
40 B 21 1
42 B 21 1
44 B 21 0
46 B 21 0
48 B 21 1
50 B 21 1
52 B 21 1
54 B 21 0
56 B 21 1
58 B 21 1
60 B 21 1
62 B 21 0
66 B 21 0
68 B 21 1
70 B 21 1
72 B 21 1
74 B 21 1
76 B 21 1
78 B 21 1
80 B 21 0
82 B 21 1
84 B 21 1
86 B 21 1
88 B 21 1
90 B 21 1
92 B 21 1
94 B 21 1
96 B 21 1
98 B 21 0
100 B 21 1
2 B 22 1
4 B 22 0
6 B 22 1
8 B 22 1
10 B 22 1
12 B 22 1
14 B 22 1
16 B 22 1
18 B 22 1
20 B 22 1
22 B 22 1
24 B 22 1
26 B 22 1
28 B 22 0
30 B 22 1
32 B 22 1
34 B 22 1
36 B 22 1
38 B 22 1
40 B 22 1
42 B 22 1
44 B 22 0
46 B 22 1
48 B 22 1
50 B 22 1
52 B 22 1
54 B 22 1
56 B 22 1
58 B 22 1
60 B 22 1
62 B 22 0
66 B 22 1
68 B 22 1
70 B 22 0
72 B 22 1
74 B 22 1
76 B 22 1
78 B 22 1
80 B 22 1
82 B 22 1
84 B 22 1
86 B 22 0
88 B 22 1
90 B 22 0
92 B 22 1
94 B 22 1
96 B 22 1
98 B 22 1
100 B 22 1
2 B 23 1
4 B 23 1
6 B 23 0
8 B 23 0
10 B 23 0
12 B 23 1
14 B 23 0
16 B 23 1
18 B 23 1
20 B 23 1
22 B 23 1
24 B 23 0
26 B 23 0
28 B 23 1
30 B 23 0
32 B 23 1
34 B 23 0
36 B 23 1
38 B 23 1
40 B 23 1
42 B 23 1
44 B 23 1
46 B 23 1
48 B 23 1
50 B 23 1
52 B 23 1
54 B 23 1
56 B 23 1
58 B 23 1
60 B 23 1
62 B 23 1
66 B 23 1
68 B 23 1
70 B 23 0
72 B 23 1
74 B 23 1
76 B 23 0
78 B 23 1
80 B 23 0
82 B 23 1
84 B 23 1
86 B 23 1
88 B 23 1
90 B 23 0
92 B 23 1
94 B 23 1
96 B 23 1
98 B 23 0
100 B 23 0
2 B 24 0
4 B 24 1
6 B 24 1
8 B 24 1
10 B 24 0
12 B 24 1
14 B 24 1
16 B 24 1
18 B 24 1
20 B 24 1
22 B 24 1
24 B 24 0
26 B 24 1
28 B 24 1
30 B 24 1
32 B 24 1
34 B 24 1
36 B 24 1
38 B 24 0
40 B 24 1
42 B 24 0
44 B 24 1
46 B 24 1
48 B 24 1
50 B 24 1
52 B 24 0
54 B 24 1
56 B 24 0
58 B 24 1
60 B 24 1
62 B 24 1
66 B 24 1
68 B 24 0
70 B 24 1
72 B 24 1
74 B 24 0
76 B 24 1
78 B 24 1
80 B 24 0
82 B 24 1
84 B 24 1
86 B 24 1
88 B 24 0
90 B 24 0
92 B 24 1
94 B 24 1
96 B 24 1
98 B 24 1
100 B 24 1
2 B 25 1
4 B 25 1
6 B 25 0
8 B 25 1
10 B 25 1
12 B 25 1
14 B 25 1
16 B 25 1
18 B 25 1
20 B 25 1
22 B 25 1
24 B 25 1
26 B 25 1
28 B 25 1
30 B 25 1
32 B 25 1
34 B 25 1
36 B 25 0
38 B 25 1
40 B 25 1
42 B 25 1
44 B 25 1
46 B 25 1
48 B 25 1
50 B 25 1
52 B 25 1
54 B 25 1
56 B 25 1
58 B 25 1
60 B 25 1
62 B 25 1
66 B 25 1
68 B 25 1
70 B 25 1
72 B 25 1
74 B 25 1
76 B 25 1
78 B 25 1
80 B 25 1
82 B 25 0
84 B 25 1
86 B 25 1
88 B 25 1
90 B 25 1
92 B 25 1
94 B 25 1
96 B 25 1
98 B 25 1
100 B 25 1
2 B 26 1
4 B 26 1
6 B 26 1
8 B 26 1
10 B 26 1
12 B 26 1
14 B 26 1
16 B 26 1
18 B 26 1
20 B 26 1
22 B 26 1
24 B 26 1
26 B 26 1
28 B 26 1
30 B 26 1
32 B 26 1
34 B 26 1
36 B 26 1
38 B 26 1
40 B 26 1
42 B 26 1
44 B 26 1
46 B 26 1
48 B 26 1
50 B 26 1
52 B 26 1
54 B 26 1
56 B 26 1
58 B 26 1
60 B 26 1
62 B 26 1
66 B 26 1
68 B 26 1
70 B 26 1
72 B 26 1
74 B 26 1
76 B 26 1
78 B 26 1
80 B 26 1
82 B 26 1
84 B 26 1
86 B 26 1
88 B 26 1
90 B 26 1
92 B 26 1
94 B 26 1
96 B 26 1
98 B 26 1
100 B 26 1
2 B 27 1
4 B 27 1
6 B 27 0
8 B 27 1
10 B 27 1
12 B 27 0
14 B 27 1
16 B 27 0
18 B 27 0
20 B 27 0
22 B 27 1
24 B 27 1
26 B 27 1
28 B 27 1
30 B 27 0
32 B 27 0
34 B 27 0
36 B 27 1
38 B 27 0
40 B 27 0
42 B 27 0
44 B 27 0
46 B 27 0
48 B 27 1
50 B 27 1
52 B 27 0
54 B 27 1
56 B 27 0
58 B 27 1
60 B 27 1
62 B 27 0
66 B 27 1
68 B 27 1
70 B 27 1
72 B 27 1
74 B 27 1
76 B 27 1
78 B 27 1
80 B 27 1
82 B 27 1
84 B 27 0
86 B 27 1
88 B 27 0
90 B 27 1
92 B 27 1
94 B 27 1
96 B 27 0
98 B 27 0
100 B 27 1
2 B 28 0
4 B 28 0
6 B 28 1
8 B 28 1
10 B 28 1
12 B 28 1
14 B 28 1
16 B 28 0
18 B 28 1
20 B 28 1
22 B 28 0
24 B 28 0
26 B 28 1
28 B 28 0
30 B 28 0
32 B 28 0
34 B 28 0
36 B 28 1
38 B 28 0
40 B 28 1
42 B 28 1
44 B 28 0
46 B 28 1
48 B 28 1
50 B 28 1
52 B 28 1
54 B 28 0
56 B 28 0
58 B 28 0
60 B 28 1
62 B 28 0
66 B 28 1
68 B 28 1
70 B 28 0
72 B 28 1
74 B 28 0
76 B 28 1
78 B 28 1
80 B 28 1
82 B 28 1
84 B 28 1
86 B 28 1
88 B 28 1
90 B 28 1
92 B 28 0
94 B 28 0
96 B 28 0
98 B 28 1
100 B 28 1
2 B 29 1
4 B 29 1
6 B 29 1
8 B 29 0
10 B 29 1
12 B 29 0
14 B 29 1
16 B 29 1
18 B 29 1
20 B 29 1
22 B 29 1
24 B 29 1
26 B 29 1
28 B 29 1
30 B 29 1
32 B 29 1
34 B 29 0
36 B 29 1
38 B 29 0
40 B 29 1
42 B 29 1
44 B 29 0
46 B 29 1
48 B 29 1
50 B 29 1
52 B 29 0
54 B 29 1
56 B 29 1
58 B 29 1
60 B 29 1
62 B 29 0
66 B 29 1
68 B 29 1
70 B 29 1
72 B 29 1
74 B 29 1
76 B 29 0
78 B 29 0
80 B 29 0
82 B 29 1
84 B 29 1
86 B 29 1
88 B 29 1
90 B 29 0
92 B 29 1
94 B 29 1
96 B 29 1
98 B 29 0
100 B 29 1
2 B 30 0
4 B 30 1
6 B 30 0
8 B 30 0
10 B 30 0
12 B 30 1
14 B 30 1
16 B 30 1
18 B 30 1
20 B 30 1
22 B 30 1
24 B 30 0
26 B 30 0
28 B 30 1
30 B 30 0
32 B 30 0
34 B 30 1
36 B 30 1
38 B 30 1
40 B 30 0
42 B 30 1
44 B 30 0
46 B 30 0
48 B 30 0
50 B 30 0
52 B 30 1
54 B 30 1
56 B 30 0
58 B 30 1
60 B 30 1
62 B 30 1
66 B 30 1
68 B 30 1
70 B 30 0
72 B 30 1
74 B 30 0
76 B 30 0
78 B 30 1
80 B 30 1
82 B 30 0
84 B 30 1
86 B 30 0
88 B 30 0
90 B 30 1
92 B 30 1
94 B 30 1
96 B 30 1
98 B 30 1
100 B 30 0
2 B 31 1
4 B 31 1
6 B 31 1
8 B 31 1
10 B 31 1
12 B 31 1
14 B 31 1
16 B 31 1
18 B 31 1
20 B 31 1
22 B 31 1
24 B 31 0
26 B 31 1
28 B 31 1
30 B 31 1
32 B 31 0
34 B 31 1
36 B 31 1
38 B 31 1
40 B 31 1
42 B 31 1
44 B 31 1
46 B 31 1
48 B 31 1
50 B 31 1
52 B 31 1
54 B 31 1
56 B 31 1
58 B 31 1
60 B 31 1
62 B 31 1
66 B 31 1
68 B 31 1
70 B 31 1
72 B 31 1
74 B 31 1
76 B 31 1
78 B 31 1
80 B 31 1
82 B 31 1
84 B 31 1
86 B 31 1
88 B 31 1
90 B 31 1
92 B 31 1
94 B 31 1
96 B 31 1
98 B 31 1
100 B 31 1
2 B 32 1
4 B 32 1
6 B 32 1
8 B 32 1
10 B 32 1
12 B 32 1
14 B 32 1
16 B 32 1
18 B 32 1
20 B 32 1
22 B 32 1
24 B 32 1
26 B 32 0
28 B 32 1
30 B 32 0
32 B 32 1
34 B 32 1
36 B 32 1
38 B 32 1
40 B 32 0
42 B 32 1
44 B 32 1
46 B 32 1
48 B 32 1
50 B 32 1
52 B 32 1
54 B 32 1
56 B 32 1
58 B 32 1
60 B 32 1
62 B 32 1
66 B 32 1
68 B 32 1
70 B 32 1
72 B 32 1
74 B 32 1
76 B 32 1
78 B 32 1
80 B 32 1
82 B 32 1
84 B 32 1
86 B 32 1
88 B 32 1
90 B 32 1
92 B 32 1
94 B 32 1
96 B 32 1
98 B 32 1
100 B 32 1
2 B 33 1
4 B 33 1
6 B 33 1
8 B 33 1
10 B 33 1
12 B 33 1
14 B 33 1
16 B 33 1
18 B 33 1
20 B 33 1
22 B 33 1
24 B 33 1
26 B 33 1
28 B 33 1
30 B 33 0
32 B 33 1
34 B 33 1
36 B 33 1
38 B 33 1
40 B 33 1
42 B 33 1
44 B 33 1
46 B 33 1
48 B 33 1
50 B 33 1
52 B 33 1
54 B 33 1
56 B 33 1
58 B 33 1
60 B 33 1
62 B 33 1
66 B 33 0
68 B 33 0
70 B 33 1
72 B 33 1
74 B 33 1
76 B 33 1
78 B 33 1
80 B 33 1
82 B 33 1
84 B 33 1
86 B 33 1
88 B 33 1
90 B 33 1
92 B 33 1
94 B 33 1
96 B 33 1
98 B 33 1
100 B 33 1
2 B 34 1
4 B 34 1
6 B 34 1
8 B 34 1
10 B 34 1
12 B 34 1
14 B 34 1
16 B 34 1
18 B 34 1
20 B 34 1
22 B 34 1
24 B 34 1
26 B 34 1
28 B 34 1
30 B 34 1
32 B 34 1
34 B 34 1
36 B 34 1
38 B 34 1
40 B 34 1
42 B 34 1
44 B 34 1
46 B 34 1
48 B 34 1
50 B 34 1
52 B 34 1
54 B 34 1
56 B 34 1
58 B 34 1
60 B 34 1
62 B 34 1
66 B 34 1
68 B 34 1
70 B 34 1
72 B 34 1
74 B 34 1
76 B 34 1
78 B 34 0
80 B 34 1
82 B 34 1
84 B 34 1
86 B 34 1
88 B 34 1
90 B 34 1
92 B 34 1
94 B 34 1
96 B 34 1
98 B 34 1
100 B 34 1
2 B 35 1
4 B 35 1
6 B 35 1
8 B 35 1
10 B 35 1
12 B 35 1
14 B 35 0
16 B 35 1
18 B 35 0
20 B 35 1
22 B 35 1
24 B 35 0
26 B 35 0
28 B 35 0
30 B 35 0
32 B 35 1
34 B 35 0
36 B 35 0
38 B 35 1
40 B 35 1
42 B 35 1
44 B 35 1
46 B 35 0
48 B 35 1
50 B 35 0
52 B 35 0
54 B 35 1
56 B 35 1
58 B 35 1
60 B 35 0
62 B 35 1
66 B 35 1
68 B 35 1
70 B 35 1
72 B 35 0
74 B 35 1
76 B 35 1
78 B 35 1
80 B 35 1
82 B 35 1
84 B 35 0
86 B 35 1
88 B 35 0
90 B 35 0
92 B 35 1
94 B 35 0
96 B 35 1
98 B 35 1
100 B 35 0
2 B 36 1
4 B 36 1
6 B 36 1
8 B 36 1
10 B 36 1
12 B 36 1
14 B 36 1
16 B 36 1
18 B 36 1
20 B 36 0
22 B 36 1
24 B 36 1
26 B 36 1
28 B 36 1
30 B 36 1
32 B 36 0
34 B 36 0
36 B 36 1
38 B 36 1
40 B 36 1
42 B 36 1
44 B 36 1
46 B 36 1
48 B 36 1
50 B 36 1
52 B 36 1
54 B 36 1
56 B 36 0
58 B 36 1
60 B 36 1
62 B 36 1
66 B 36 1
68 B 36 1
70 B 36 1
72 B 36 1
74 B 36 1
76 B 36 1
78 B 36 1
80 B 36 1
82 B 36 1
84 B 36 1
86 B 36 1
88 B 36 1
90 B 36 1
92 B 36 1
94 B 36 1
96 B 36 1
98 B 36 1
100 B 36 1
2 B 37 1
4 B 37 1
6 B 37 0
8 B 37 1
10 B 37 1
12 B 37 1
14 B 37 1
16 B 37 1
18 B 37 1
20 B 37 1
22 B 37 1
24 B 37 0
26 B 37 1
28 B 37 1
30 B 37 0
32 B 37 1
34 B 37 1
36 B 37 1
38 B 37 0
40 B 37 1
42 B 37 1
44 B 37 1
46 B 37 0
48 B 37 1
50 B 37 1
52 B 37 1
54 B 37 1
56 B 37 1
58 B 37 1
60 B 37 1
62 B 37 0
66 B 37 1
68 B 37 1
70 B 37 1
72 B 37 1
74 B 37 1
76 B 37 1
78 B 37 1
80 B 37 1
82 B 37 1
84 B 37 1
86 B 37 1
88 B 37 1
90 B 37 1
92 B 37 1
94 B 37 1
96 B 37 1
98 B 37 1
100 B 37 1
2 B 38 1
4 B 38 1
6 B 38 1
8 B 38 0
10 B 38 0
12 B 38 1
14 B 38 0
16 B 38 0
18 B 38 0
20 B 38 1
22 B 38 0
24 B 38 0
26 B 38 1
28 B 38 0
30 B 38 1
32 B 38 1
34 B 38 0
36 B 38 1
38 B 38 0
40 B 38 0
42 B 38 1
44 B 38 0
46 B 38 0
48 B 38 1
50 B 38 1
52 B 38 1
54 B 38 0
56 B 38 0
58 B 38 0
60 B 38 0
62 B 38 0
66 B 38 1
68 B 38 0
70 B 38 0
72 B 38 0
74 B 38 0
76 B 38 0
78 B 38 1
80 B 38 1
82 B 38 1
84 B 38 0
86 B 38 1
88 B 38 0
90 B 38 0
92 B 38 0
94 B 38 0
96 B 38 1
98 B 38 0
100 B 38 0
2 B 39 0
4 B 39 1
6 B 39 1
8 B 39 1
10 B 39 0
12 B 39 1
14 B 39 1
16 B 39 1
18 B 39 0
20 B 39 0
22 B 39 0
24 B 39 1
26 B 39 1
28 B 39 1
30 B 39 1
32 B 39 0
34 B 39 0
36 B 39 1
38 B 39 1
40 B 39 1
42 B 39 1
44 B 39 0
46 B 39 1
48 B 39 1
50 B 39 1
52 B 39 0
54 B 39 1
56 B 39 1
58 B 39 0
60 B 39 1
62 B 39 0
66 B 39 1
68 B 39 1
70 B 39 1
72 B 39 1
74 B 39 1
76 B 39 1
78 B 39 1
80 B 39 1
82 B 39 1
84 B 39 0
86 B 39 1
88 B 39 1
90 B 39 0
92 B 39 0
94 B 39 0
96 B 39 1
98 B 39 1
100 B 39 1
2 B 40 1
4 B 40 1
6 B 40 1
8 B 40 1
10 B 40 0
12 B 40 1
14 B 40 1
16 B 40 1
18 B 40 1
20 B 40 1
22 B 40 1
24 B 40 1
26 B 40 1
28 B 40 1
30 B 40 1
32 B 40 1
34 B 40 1
36 B 40 1
38 B 40 1
40 B 40 0
42 B 40 1
44 B 40 1
46 B 40 1
48 B 40 1
50 B 40 1
52 B 40 1
54 B 40 1
56 B 40 1
58 B 40 1
60 B 40 1
62 B 40 1
66 B 40 1
68 B 40 1
70 B 40 1
72 B 40 1
74 B 40 1
76 B 40 1
78 B 40 1
80 B 40 1
82 B 40 1
84 B 40 1
86 B 40 1
88 B 40 1
90 B 40 1
92 B 40 1
94 B 40 1
96 B 40 1
98 B 40 1
100 B 40 1
2 B 41 1
4 B 41 1
6 B 41 1
8 B 41 1
10 B 41 1
12 B 41 1
14 B 41 1
16 B 41 1
18 B 41 1
20 B 41 1
22 B 41 1
24 B 41 0
26 B 41 1
28 B 41 1
30 B 41 1
32 B 41 1
34 B 41 1
36 B 41 1
38 B 41 1
40 B 41 1
42 B 41 1
44 B 41 1
46 B 41 1
48 B 41 1
50 B 41 1
52 B 41 1
54 B 41 1
56 B 41 1
58 B 41 1
60 B 41 1
62 B 41 1
66 B 41 1
68 B 41 1
70 B 41 1
72 B 41 1
74 B 41 1
76 B 41 1
78 B 41 1
80 B 41 1
82 B 41 1
84 B 41 1
86 B 41 1
88 B 41 1
90 B 41 1
92 B 41 1
94 B 41 1
96 B 41 1
98 B 41 1
100 B 41 1
2 B 42 1
4 B 42 1
6 B 42 0
8 B 42 1
10 B 42 1
12 B 42 1
14 B 42 1
16 B 42 1
18 B 42 1
20 B 42 1
22 B 42 1
24 B 42 1
26 B 42 1
28 B 42 1
30 B 42 0
32 B 42 1
34 B 42 1
36 B 42 1
38 B 42 1
40 B 42 1
42 B 42 1
44 B 42 1
46 B 42 1
48 B 42 1
50 B 42 1
52 B 42 1
54 B 42 1
56 B 42 1
58 B 42 1
60 B 42 1
62 B 42 1
66 B 42 1
68 B 42 1
70 B 42 1
72 B 42 1
74 B 42 1
76 B 42 0
78 B 42 1
80 B 42 1
82 B 42 1
84 B 42 1
86 B 42 1
88 B 42 1
90 B 42 1
92 B 42 1
94 B 42 1
96 B 42 1
98 B 42 1
100 B 42 1
2 B 43 0
4 B 43 1
6 B 43 0
8 B 43 1
10 B 43 0
12 B 43 0
14 B 43 1
16 B 43 1
18 B 43 0
20 B 43 1
22 B 43 0
24 B 43 0
26 B 43 0
28 B 43 0
30 B 43 0
32 B 43 1
34 B 43 0
36 B 43 0
38 B 43 0
40 B 43 1
42 B 43 0
44 B 43 0
46 B 43 0
48 B 43 0
50 B 43 0
52 B 43 0
54 B 43 1
56 B 43 0
58 B 43 0
60 B 43 0
62 B 43 0
66 B 43 0
68 B 43 0
70 B 43 0
72 B 43 0
74 B 43 0
76 B 43 1
78 B 43 0
80 B 43 1
82 B 43 0
84 B 43 1
86 B 43 1
88 B 43 1
90 B 43 0
92 B 43 0
94 B 43 0
96 B 43 0
98 B 43 0
100 B 43 0
2 B 44 1
4 B 44 1
6 B 44 1
8 B 44 0
10 B 44 0
12 B 44 0
14 B 44 1
16 B 44 1
18 B 44 0
20 B 44 1
22 B 44 1
24 B 44 0
26 B 44 1
28 B 44 0
30 B 44 0
32 B 44 1
34 B 44 1
36 B 44 0
38 B 44 0
40 B 44 1
42 B 44 1
44 B 44 1
46 B 44 0
48 B 44 1
50 B 44 0
52 B 44 0
54 B 44 1
56 B 44 0
58 B 44 1
60 B 44 1
62 B 44 1
66 B 44 1
68 B 44 0
70 B 44 0
72 B 44 1
74 B 44 1
76 B 44 1
78 B 44 1
80 B 44 0
82 B 44 1
84 B 44 0
86 B 44 0
88 B 44 1
90 B 44 1
92 B 44 0
94 B 44 1
96 B 44 1
98 B 44 1
100 B 44 1
2 B 45 1
4 B 45 1
6 B 45 1
8 B 45 0
10 B 45 1
12 B 45 1
14 B 45 1
16 B 45 1
18 B 45 1
20 B 45 1
22 B 45 1
24 B 45 1
26 B 45 1
28 B 45 1
30 B 45 1
32 B 45 1
34 B 45 1
36 B 45 1
38 B 45 1
40 B 45 1
42 B 45 1
44 B 45 1
46 B 45 1
48 B 45 1
50 B 45 1
52 B 45 1
54 B 45 1
56 B 45 1
58 B 45 1
60 B 45 1
62 B 45 1
66 B 45 1
68 B 45 1
70 B 45 1
72 B 45 1
74 B 45 1
76 B 45 1
78 B 45 1
80 B 45 1
82 B 45 1
84 B 45 1
86 B 45 1
88 B 45 1
90 B 45 1
92 B 45 1
94 B 45 1
96 B 45 1
98 B 45 1
100 B 45 1
2 B 46 1
4 B 46 1
6 B 46 1
8 B 46 1
10 B 46 1
12 B 46 0
14 B 46 1
16 B 46 1
18 B 46 1
20 B 46 1
22 B 46 1
24 B 46 1
26 B 46 1
28 B 46 1
30 B 46 1
32 B 46 1
34 B 46 1
36 B 46 1
38 B 46 0
40 B 46 1
42 B 46 1
44 B 46 1
46 B 46 1
48 B 46 1
50 B 46 1
52 B 46 1
54 B 46 1
56 B 46 1
58 B 46 1
60 B 46 1
62 B 46 0
66 B 46 1
68 B 46 1
70 B 46 1
72 B 46 1
74 B 46 1
76 B 46 0
78 B 46 1
80 B 46 1
82 B 46 1
84 B 46 0
86 B 46 1
88 B 46 1
90 B 46 1
92 B 46 1
94 B 46 1
96 B 46 1
98 B 46 0
100 B 46 1
2 B 47 0
4 B 47 0
6 B 47 0
8 B 47 1
10 B 47 1
12 B 47 1
14 B 47 0
16 B 47 1
18 B 47 0
20 B 47 0
22 B 47 0
24 B 47 1
26 B 47 1
28 B 47 0
30 B 47 1
32 B 47 0
34 B 47 1
36 B 47 0
38 B 47 0
40 B 47 1
42 B 47 1
44 B 47 0
46 B 47 0
48 B 47 0
50 B 47 1
52 B 47 0
54 B 47 0
56 B 47 0
58 B 47 1
60 B 47 1
62 B 47 1
66 B 47 1
68 B 47 0
70 B 47 1
72 B 47 1
74 B 47 0
76 B 47 1
78 B 47 0
80 B 47 1
82 B 47 1
84 B 47 1
86 B 47 1
88 B 47 1
90 B 47 1
92 B 47 0
94 B 47 1
96 B 47 1
98 B 47 1
100 B 47 0
2 B 48 1
4 B 48 1
6 B 48 1
8 B 48 1
10 B 48 1
12 B 48 1
14 B 48 1
16 B 48 1
18 B 48 1
20 B 48 1
22 B 48 1
24 B 48 1
26 B 48 1
28 B 48 1
30 B 48 1
32 B 48 0
34 B 48 1
36 B 48 1
38 B 48 1
40 B 48 0
42 B 48 1
44 B 48 0
46 B 48 1
48 B 48 1
50 B 48 1
52 B 48 0
54 B 48 1
56 B 48 1
58 B 48 1
60 B 48 1
62 B 48 1
66 B 48 1
68 B 48 1
70 B 48 1
72 B 48 1
74 B 48 1
76 B 48 1
78 B 48 1
80 B 48 1
82 B 48 1
84 B 48 1
86 B 48 0
88 B 48 1
90 B 48 1
92 B 48 1
94 B 48 1
96 B 48 1
98 B 48 1
100 B 48 1
2 B 49 1
4 B 49 1
6 B 49 1
8 B 49 0
10 B 49 0
12 B 49 1
14 B 49 1
16 B 49 1
18 B 49 0
20 B 49 1
22 B 49 0
24 B 49 0
26 B 49 1
28 B 49 0
30 B 49 1
32 B 49 1
34 B 49 1
36 B 49 1
38 B 49 1
40 B 49 1
42 B 49 0
44 B 49 0
46 B 49 1
48 B 49 1
50 B 49 1
52 B 49 1
54 B 49 1
56 B 49 0
58 B 49 1
60 B 49 1
62 B 49 0
66 B 49 1
68 B 49 1
70 B 49 1
72 B 49 1
74 B 49 0
76 B 49 1
78 B 49 1
80 B 49 1
82 B 49 1
84 B 49 1
86 B 49 0
88 B 49 1
90 B 49 0
92 B 49 1
94 B 49 1
96 B 49 1
98 B 49 0
100 B 49 0
2 B 50 1
4 B 50 0
6 B 50 0
8 B 50 0
10 B 50 0
12 B 50 0
14 B 50 0
16 B 50 0
18 B 50 0
20 B 50 0
22 B 50 0
24 B 50 0
26 B 50 0
28 B 50 0
30 B 50 0
32 B 50 0
34 B 50 1
36 B 50 1
38 B 50 0
40 B 50 0
42 B 50 0
44 B 50 0
46 B 50 1
48 B 50 0
50 B 50 1
52 B 50 0
54 B 50 1
56 B 50 0
58 B 50 0
60 B 50 0
62 B 50 0
66 B 50 0
68 B 50 0
70 B 50 1
72 B 50 0
74 B 50 0
76 B 50 0
78 B 50 0
80 B 50 0
82 B 50 0
84 B 50 0
86 B 50 0
88 B 50 0
90 B 50 0
92 B 50 1
94 B 50 0
96 B 50 0
98 B 50 0
100 B 50 0
2 B 51 1
4 B 51 0
6 B 51 1
8 B 51 0
10 B 51 0
12 B 51 0
14 B 51 0
16 B 51 1
18 B 51 1
20 B 51 1
22 B 51 1
24 B 51 1
26 B 51 1
28 B 51 1
30 B 51 1
32 B 51 1
34 B 51 0
36 B 51 0
38 B 51 1
40 B 51 0
42 B 51 0
44 B 51 1
46 B 51 1
48 B 51 1
50 B 51 1
52 B 51 1
54 B 51 1
56 B 51 1
58 B 51 0
60 B 51 1
62 B 51 0
66 B 51 0
68 B 51 0
70 B 51 1
72 B 51 1
74 B 51 1
76 B 51 1
78 B 51 1
80 B 51 1
82 B 51 1
84 B 51 0
86 B 51 1
88 B 51 1
90 B 51 1
92 B 51 1
94 B 51 0
96 B 51 1
98 B 51 0
100 B 51 1
2 B 52 0
4 B 52 0
6 B 52 1
8 B 52 0
10 B 52 0
12 B 52 0
14 B 52 0
16 B 52 0
18 B 52 0
20 B 52 0
22 B 52 0
24 B 52 0
26 B 52 0
28 B 52 0
30 B 52 0
32 B 52 0
34 B 52 0
36 B 52 0
38 B 52 0
40 B 52 0
42 B 52 1
44 B 52 1
46 B 52 0
48 B 52 0
50 B 52 0
52 B 52 1
54 B 52 0
56 B 52 0
58 B 52 0
60 B 52 0
62 B 52 0
66 B 52 0
68 B 52 1
70 B 52 0
72 B 52 0
74 B 52 0
76 B 52 0
78 B 52 0
80 B 52 0
82 B 52 1
84 B 52 0
86 B 52 0
88 B 52 0
90 B 52 0
92 B 52 0
94 B 52 0
96 B 52 1
98 B 52 0
100 B 52 0
2 B 53 1
4 B 53 0
6 B 53 1
8 B 53 0
10 B 53 1
12 B 53 1
14 B 53 1
16 B 53 1
18 B 53 0
20 B 53 1
22 B 53 0
24 B 53 1
26 B 53 1
28 B 53 0
30 B 53 1
32 B 53 0
34 B 53 0
36 B 53 1
38 B 53 0
40 B 53 0
42 B 53 1
44 B 53 0
46 B 53 1
48 B 53 1
50 B 53 0
52 B 53 1
54 B 53 1
56 B 53 1
58 B 53 1
60 B 53 1
62 B 53 1
66 B 53 1
68 B 53 1
70 B 53 0
72 B 53 0
74 B 53 1
76 B 53 0
78 B 53 1
80 B 53 1
82 B 53 1
84 B 53 1
86 B 53 1
88 B 53 0
90 B 53 0
92 B 53 1
94 B 53 0
96 B 53 1
98 B 53 0
100 B 53 1
2 B 54 1
4 B 54 1
6 B 54 1
8 B 54 0
10 B 54 1
12 B 54 1
14 B 54 1
16 B 54 1
18 B 54 1
20 B 54 1
22 B 54 1
24 B 54 0
26 B 54 1
28 B 54 0
30 B 54 1
32 B 54 1
34 B 54 0
36 B 54 1
38 B 54 1
40 B 54 1
42 B 54 0
44 B 54 1
46 B 54 0
48 B 54 1
50 B 54 1
52 B 54 1
54 B 54 1
56 B 54 1
58 B 54 1
60 B 54 1
62 B 54 1
66 B 54 1
68 B 54 0
70 B 54 1
72 B 54 1
74 B 54 0
76 B 54 1
78 B 54 1
80 B 54 1
82 B 54 1
84 B 54 0
86 B 54 0
88 B 54 1
90 B 54 1
92 B 54 1
94 B 54 0
96 B 54 1
98 B 54 1
100 B 54 0
2 B 55 1
4 B 55 1
6 B 55 0
8 B 55 1
10 B 55 1
12 B 55 1
14 B 55 1
16 B 55 1
18 B 55 0
20 B 55 1
22 B 55 1
24 B 55 0
26 B 55 1
28 B 55 0
30 B 55 1
32 B 55 1
34 B 55 0
36 B 55 1
38 B 55 0
40 B 55 0
42 B 55 1
44 B 55 1
46 B 55 0
48 B 55 1
50 B 55 1
52 B 55 0
54 B 55 1
56 B 55 1
58 B 55 1
60 B 55 1
62 B 55 1
66 B 55 1
68 B 55 1
70 B 55 1
72 B 55 1
74 B 55 0
76 B 55 0
78 B 55 1
80 B 55 1
82 B 55 0
84 B 55 0
86 B 55 1
88 B 55 1
90 B 55 0
92 B 55 1
94 B 55 0
96 B 55 0
98 B 55 1
100 B 55 0
2 B 56 1
4 B 56 1
6 B 56 1
8 B 56 1
10 B 56 1
12 B 56 1
14 B 56 1
16 B 56 1
18 B 56 1
20 B 56 0
22 B 56 1
24 B 56 0
26 B 56 0
28 B 56 1
30 B 56 1
32 B 56 1
34 B 56 1
36 B 56 1
38 B 56 1
40 B 56 1
42 B 56 1
44 B 56 0
46 B 56 1
48 B 56 1
50 B 56 1
52 B 56 1
54 B 56 1
56 B 56 1
58 B 56 1
60 B 56 1
62 B 56 1
66 B 56 1
68 B 56 1
70 B 56 1
72 B 56 1
74 B 56 1
76 B 56 1
78 B 56 1
80 B 56 1
82 B 56 1
84 B 56 1
86 B 56 1
88 B 56 1
90 B 56 1
92 B 56 1
94 B 56 1
96 B 56 1
98 B 56 1
100 B 56 1
2 B 57 1
4 B 57 1
6 B 57 1
8 B 57 0
10 B 57 1
12 B 57 0
14 B 57 0
16 B 57 1
18 B 57 1
20 B 57 0
22 B 57 0
24 B 57 0
26 B 57 0
28 B 57 0
30 B 57 0
32 B 57 0
34 B 57 0
36 B 57 1
38 B 57 0
40 B 57 1
42 B 57 0
44 B 57 0
46 B 57 0
48 B 57 1
50 B 57 1
52 B 57 1
54 B 57 1
56 B 57 1
58 B 57 0
60 B 57 0
62 B 57 0
66 B 57 0
68 B 57 0
70 B 57 0
72 B 57 0
74 B 57 0
76 B 57 1
78 B 57 0
80 B 57 0
82 B 57 1
84 B 57 0
86 B 57 0
88 B 57 0
90 B 57 0
92 B 57 1
94 B 57 0
96 B 57 0
98 B 57 0
100 B 57 0
2 B 58 1
4 B 58 1
6 B 58 1
8 B 58 1
10 B 58 1
12 B 58 1
14 B 58 1
16 B 58 1
18 B 58 1
20 B 58 1
22 B 58 1
24 B 58 1
26 B 58 1
28 B 58 1
30 B 58 1
32 B 58 1
34 B 58 1
36 B 58 1
38 B 58 1
40 B 58 1
42 B 58 1
44 B 58 1
46 B 58 1
48 B 58 1
50 B 58 1
52 B 58 1
54 B 58 1
56 B 58 1
58 B 58 1
60 B 58 1
62 B 58 1
66 B 58 1
68 B 58 1
70 B 58 1
72 B 58 1
74 B 58 1
76 B 58 1
78 B 58 1
80 B 58 1
82 B 58 1
84 B 58 1
86 B 58 1
88 B 58 1
90 B 58 1
92 B 58 1
94 B 58 1
96 B 58 1
98 B 58 1
100 B 58 1
2 B 59 1
4 B 59 1
6 B 59 1
8 B 59 1
10 B 59 0
12 B 59 1
14 B 59 1
16 B 59 1
18 B 59 1
20 B 59 1
22 B 59 1
24 B 59 1
26 B 59 0
28 B 59 1
30 B 59 1
32 B 59 1
34 B 59 1
36 B 59 1
38 B 59 0
40 B 59 1
42 B 59 1
44 B 59 0
46 B 59 1
48 B 59 1
50 B 59 1
52 B 59 1
54 B 59 1
56 B 59 1
58 B 59 0
60 B 59 1
62 B 59 0
66 B 59 1
68 B 59 1
70 B 59 1
72 B 59 1
74 B 59 1
76 B 59 1
78 B 59 1
80 B 59 0
82 B 59 1
84 B 59 0
86 B 59 1
88 B 59 0
90 B 59 1
92 B 59 1
94 B 59 1
96 B 59 1
98 B 59 0
100 B 59 1
2 B 60 1
4 B 60 0
6 B 60 0
8 B 60 0
10 B 60 1
12 B 60 1
14 B 60 0
16 B 60 1
18 B 60 0
20 B 60 1
22 B 60 1
24 B 60 0
26 B 60 1
28 B 60 0
30 B 60 0
32 B 60 0
34 B 60 1
36 B 60 1
38 B 60 1
40 B 60 0
42 B 60 1
44 B 60 1
46 B 60 0
48 B 60 1
50 B 60 1
52 B 60 0
54 B 60 0
56 B 60 0
58 B 60 1
60 B 60 1
62 B 60 1
66 B 60 1
68 B 60 1
70 B 60 0
72 B 60 1
74 B 60 1
76 B 60 1
78 B 60 0
80 B 60 0
82 B 60 1
84 B 60 0
86 B 60 0
88 B 60 0
90 B 60 0
92 B 60 1
94 B 60 1
96 B 60 1
98 B 60 1
100 B 60 0
2 B 61 1
4 B 61 0
6 B 61 1
8 B 61 1
10 B 61 1
12 B 61 1
14 B 61 1
16 B 61 1
18 B 61 1
20 B 61 1
22 B 61 1
24 B 61 1
26 B 61 1
28 B 61 1
30 B 61 1
32 B 61 1
34 B 61 1
36 B 61 1
38 B 61 1
40 B 61 1
42 B 61 1
44 B 61 1
46 B 61 1
48 B 61 1
50 B 61 1
52 B 61 1
54 B 61 1
56 B 61 1
58 B 61 1
60 B 61 1
62 B 61 1
66 B 61 1
68 B 61 1
70 B 61 1
72 B 61 1
74 B 61 1
76 B 61 0
78 B 61 1
80 B 61 1
82 B 61 1
84 B 61 1
86 B 61 1
88 B 61 1
90 B 61 1
92 B 61 1
94 B 61 1
96 B 61 1
98 B 61 1
100 B 61 1
2 B 62 1
4 B 62 1
6 B 62 0
8 B 62 0
10 B 62 0
12 B 62 1
14 B 62 1
16 B 62 1
18 B 62 1
20 B 62 1
22 B 62 0
24 B 62 0
26 B 62 1
28 B 62 0
30 B 62 0
32 B 62 0
34 B 62 1
36 B 62 0
38 B 62 1
40 B 62 0
42 B 62 1
44 B 62 1
46 B 62 0
48 B 62 1
50 B 62 0
52 B 62 1
54 B 62 1
56 B 62 0
58 B 62 0
60 B 62 0
62 B 62 1
66 B 62 0
68 B 62 1
70 B 62 0
72 B 62 1
74 B 62 1
76 B 62 1
78 B 62 1
80 B 62 1
82 B 62 1
84 B 62 0
86 B 62 1
88 B 62 1
90 B 62 1
92 B 62 1
94 B 62 1
96 B 62 1
98 B 62 0
100 B 62 1
2 B 63 1
4 B 63 1
6 B 63 1
8 B 63 1
10 B 63 1
12 B 63 1
14 B 63 0
16 B 63 1
18 B 63 1
20 B 63 1
22 B 63 0
24 B 63 0
26 B 63 1
28 B 63 0
30 B 63 0
32 B 63 1
34 B 63 1
36 B 63 1
38 B 63 0
40 B 63 1
42 B 63 1
44 B 63 0
46 B 63 1
48 B 63 1
50 B 63 0
52 B 63 1
54 B 63 1
56 B 63 0
58 B 63 0
60 B 63 1
62 B 63 1
66 B 63 1
68 B 63 1
70 B 63 1
72 B 63 1
74 B 63 1
76 B 63 1
78 B 63 1
80 B 63 1
82 B 63 1
84 B 63 1
86 B 63 1
88 B 63 0
90 B 63 1
92 B 63 0
94 B 63 1
96 B 63 1
98 B 63 0
100 B 63 1
2 B 64 1
4 B 64 1
6 B 64 1
8 B 64 0
10 B 64 1
12 B 64 1
14 B 64 1
16 B 64 1
18 B 64 1
20 B 64 1
22 B 64 1
24 B 64 1
26 B 64 1
28 B 64 1
30 B 64 0
32 B 64 1
34 B 64 1
36 B 64 1
38 B 64 1
40 B 64 0
42 B 64 0
44 B 64 0
46 B 64 0
48 B 64 1
50 B 64 1
52 B 64 1
54 B 64 1
56 B 64 1
58 B 64 1
60 B 64 1
62 B 64 1
66 B 64 1
68 B 64 1
70 B 64 0
72 B 64 1
74 B 64 0
76 B 64 1
78 B 64 1
80 B 64 1
82 B 64 1
84 B 64 1
86 B 64 1
88 B 64 1
90 B 64 1
92 B 64 1
94 B 64 1
96 B 64 1
98 B 64 1
100 B 64 1
2 B 65 1
4 B 65 1
6 B 65 1
8 B 65 1
10 B 65 0
12 B 65 1
14 B 65 1
16 B 65 1
18 B 65 1
20 B 65 1
22 B 65 1
24 B 65 1
26 B 65 1
28 B 65 1
30 B 65 1
32 B 65 1
34 B 65 1
36 B 65 1
38 B 65 1
40 B 65 1
42 B 65 1
44 B 65 1
46 B 65 1
48 B 65 1
50 B 65 1
52 B 65 1
54 B 65 1
56 B 65 1
58 B 65 1
60 B 65 1
62 B 65 1
66 B 65 1
68 B 65 1
70 B 65 1
72 B 65 1
74 B 65 1
76 B 65 1
78 B 65 1
80 B 65 1
82 B 65 1
84 B 65 1
86 B 65 1
88 B 65 1
90 B 65 1
92 B 65 1
94 B 65 1
96 B 65 1
98 B 65 1
100 B 65 0
2 B 66 1
4 B 66 1
6 B 66 1
8 B 66 0
10 B 66 1
12 B 66 1
14 B 66 1
16 B 66 1
18 B 66 1
20 B 66 1
22 B 66 1
24 B 66 1
26 B 66 1
28 B 66 1
30 B 66 1
32 B 66 1
34 B 66 1
36 B 66 1
38 B 66 1
40 B 66 1
42 B 66 1
44 B 66 0
46 B 66 1
48 B 66 1
50 B 66 1
52 B 66 1
54 B 66 1
56 B 66 1
58 B 66 1
60 B 66 1
62 B 66 1
66 B 66 1
68 B 66 1
70 B 66 1
72 B 66 1
74 B 66 1
76 B 66 1
78 B 66 1
80 B 66 1
82 B 66 1
84 B 66 1
86 B 66 1
88 B 66 1
90 B 66 1
92 B 66 1
94 B 66 1
96 B 66 1
98 B 66 0
100 B 66 1
2 B 67 1
4 B 67 1
6 B 67 1
8 B 67 1
10 B 67 1
12 B 67 1
14 B 67 1
16 B 67 1
18 B 67 1
20 B 67 1
22 B 67 1
24 B 67 1
26 B 67 1
28 B 67 1
30 B 67 1
32 B 67 1
34 B 67 1
36 B 67 1
38 B 67 1
40 B 67 1
42 B 67 1
44 B 67 1
46 B 67 1
48 B 67 1
50 B 67 1
52 B 67 1
54 B 67 1
56 B 67 1
58 B 67 1
60 B 67 1
62 B 67 1
66 B 67 1
68 B 67 1
70 B 67 1
72 B 67 1
74 B 67 0
76 B 67 1
78 B 67 1
80 B 67 0
82 B 67 1
84 B 67 1
86 B 67 1
88 B 67 1
90 B 67 1
92 B 67 1
94 B 67 1
96 B 67 1
98 B 67 1
100 B 67 1
2 B 68 1
4 B 68 1
6 B 68 1
8 B 68 1
10 B 68 1
12 B 68 1
14 B 68 0
16 B 68 1
18 B 68 1
20 B 68 1
22 B 68 1
24 B 68 1
26 B 68 1
28 B 68 0
30 B 68 1
32 B 68 1
34 B 68 0
36 B 68 1
38 B 68 0
40 B 68 0
42 B 68 1
44 B 68 1
46 B 68 1
48 B 68 1
50 B 68 1
52 B 68 1
54 B 68 1
56 B 68 1
58 B 68 1
60 B 68 1
62 B 68 1
66 B 68 1
68 B 68 1
70 B 68 1
72 B 68 1
74 B 68 1
76 B 68 0
78 B 68 1
80 B 68 1
82 B 68 1
84 B 68 1
86 B 68 1
88 B 68 1
90 B 68 0
92 B 68 1
94 B 68 1
96 B 68 0
98 B 68 0
100 B 68 1
2 B 69 1
4 B 69 0
6 B 69 0
8 B 69 0
10 B 69 0
12 B 69 1
14 B 69 0
16 B 69 0
18 B 69 1
20 B 69 1
22 B 69 0
24 B 69 0
26 B 69 0
28 B 69 0
30 B 69 1
32 B 69 0
34 B 69 0
36 B 69 1
38 B 69 0
40 B 69 0
42 B 69 0
44 B 69 0
46 B 69 0
48 B 69 0
50 B 69 0
52 B 69 1
54 B 69 1
56 B 69 1
58 B 69 1
60 B 69 1
62 B 69 0
66 B 69 0
68 B 69 0
70 B 69 0
72 B 69 0
74 B 69 1
76 B 69 0
78 B 69 0
80 B 69 0
82 B 69 0
84 B 69 0
86 B 69 0
88 B 69 0
90 B 69 0
92 B 69 0
94 B 69 0
96 B 69 0
98 B 69 0
100 B 69 0
2 B 70 0
4 B 70 0
6 B 70 1
8 B 70 0
10 B 70 0
12 B 70 0
14 B 70 0
16 B 70 0
18 B 70 0
20 B 70 0
22 B 70 0
24 B 70 0
26 B 70 0
28 B 70 1
30 B 70 1
32 B 70 0
34 B 70 1
36 B 70 0
38 B 70 0
40 B 70 0
42 B 70 0
44 B 70 0
46 B 70 0
48 B 70 1
50 B 70 0
52 B 70 0
54 B 70 1
56 B 70 0
58 B 70 0
60 B 70 0
62 B 70 0
66 B 70 0
68 B 70 0
70 B 70 0
72 B 70 0
74 B 70 0
76 B 70 0
78 B 70 0
80 B 70 0
82 B 70 0
84 B 70 0
86 B 70 0
88 B 70 0
90 B 70 0
92 B 70 0
94 B 70 1
96 B 70 0
98 B 70 0
100 B 70 0
2 B 71 1
4 B 71 1
6 B 71 1
8 B 71 1
10 B 71 1
12 B 71 1
14 B 71 1
16 B 71 1
18 B 71 1
20 B 71 1
22 B 71 1
24 B 71 1
26 B 71 1
28 B 71 1
30 B 71 1
32 B 71 0
34 B 71 1
36 B 71 1
38 B 71 1
40 B 71 1
42 B 71 1
44 B 71 0
46 B 71 1
48 B 71 1
50 B 71 1
52 B 71 1
54 B 71 1
56 B 71 1
58 B 71 1
60 B 71 1
62 B 71 1
66 B 71 1
68 B 71 1
70 B 71 1
72 B 71 1
74 B 71 0
76 B 71 0
78 B 71 1
80 B 71 1
82 B 71 1
84 B 71 1
86 B 71 1
88 B 71 1
90 B 71 1
92 B 71 1
94 B 71 1
96 B 71 0
98 B 71 1
100 B 71 1
2 B 72 1
4 B 72 1
6 B 72 0
8 B 72 1
10 B 72 1
12 B 72 1
14 B 72 1
16 B 72 1
18 B 72 1
20 B 72 1
22 B 72 1
24 B 72 1
26 B 72 1
28 B 72 1
30 B 72 0
32 B 72 1
34 B 72 1
36 B 72 1
38 B 72 1
40 B 72 1
42 B 72 1
44 B 72 1
46 B 72 1
48 B 72 1
50 B 72 1
52 B 72 1
54 B 72 1
56 B 72 1
58 B 72 1
60 B 72 1
62 B 72 1
66 B 72 1
68 B 72 1
70 B 72 1
72 B 72 1
74 B 72 1
76 B 72 1
78 B 72 1
80 B 72 1
82 B 72 1
84 B 72 1
86 B 72 1
88 B 72 0
90 B 72 1
92 B 72 1
94 B 72 1
96 B 72 1
98 B 72 0
100 B 72 1
2 B 73 1
4 B 73 0
6 B 73 0
8 B 73 1
10 B 73 1
12 B 73 0
14 B 73 1
16 B 73 0
18 B 73 1
20 B 73 1
22 B 73 1
24 B 73 1
26 B 73 1
28 B 73 0
30 B 73 0
32 B 73 0
34 B 73 0
36 B 73 1
38 B 73 0
40 B 73 0
42 B 73 0
44 B 73 1
46 B 73 1
48 B 73 1
50 B 73 0
52 B 73 1
54 B 73 1
56 B 73 1
58 B 73 0
60 B 73 0
62 B 73 0
66 B 73 1
68 B 73 0
70 B 73 0
72 B 73 1
74 B 73 0
76 B 73 1
78 B 73 1
80 B 73 0
82 B 73 1
84 B 73 1
86 B 73 1
88 B 73 1
90 B 73 1
92 B 73 1
94 B 73 1
96 B 73 0
98 B 73 1
100 B 73 1
2 B 74 1
4 B 74 1
6 B 74 1
8 B 74 1
10 B 74 1
12 B 74 1
14 B 74 0
16 B 74 1
18 B 74 0
20 B 74 1
22 B 74 0
24 B 74 1
26 B 74 0
28 B 74 1
30 B 74 0
32 B 74 1
34 B 74 0
36 B 74 1
38 B 74 0
40 B 74 1
42 B 74 1
44 B 74 0
46 B 74 0
48 B 74 1
50 B 74 1
52 B 74 0
54 B 74 0
56 B 74 0
58 B 74 1
60 B 74 1
62 B 74 1
66 B 74 0
68 B 74 1
70 B 74 1
72 B 74 0
74 B 74 1
76 B 74 1
78 B 74 1
80 B 74 1
82 B 74 1
84 B 74 1
86 B 74 1
88 B 74 1
90 B 74 1
92 B 74 0
94 B 74 1
96 B 74 0
98 B 74 1
100 B 74 1
2 B 75 1
4 B 75 1
6 B 75 1
8 B 75 1
10 B 75 1
12 B 75 1
14 B 75 1
16 B 75 1
18 B 75 1
20 B 75 1
22 B 75 1
24 B 75 0
26 B 75 1
28 B 75 1
30 B 75 1
32 B 75 0
34 B 75 1
36 B 75 1
38 B 75 0
40 B 75 1
42 B 75 1
44 B 75 1
46 B 75 1
48 B 75 1
50 B 75 1
52 B 75 1
54 B 75 1
56 B 75 1
58 B 75 1
60 B 75 1
62 B 75 1
66 B 75 1
68 B 75 1
70 B 75 1
72 B 75 1
74 B 75 1
76 B 75 1
78 B 75 1
80 B 75 1
82 B 75 1
84 B 75 0
86 B 75 1
88 B 75 1
90 B 75 1
92 B 75 1
94 B 75 1
96 B 75 1
98 B 75 1
100 B 75 1
2 B 76 1
4 B 76 1
6 B 76 1
8 B 76 0
10 B 76 0
12 B 76 1
14 B 76 1
16 B 76 0
18 B 76 1
20 B 76 1
22 B 76 0
24 B 76 1
26 B 76 1
28 B 76 1
30 B 76 1
32 B 76 0
34 B 76 0
36 B 76 1
38 B 76 1
40 B 76 1
42 B 76 0
44 B 76 0
46 B 76 1
48 B 76 1
50 B 76 1
52 B 76 1
54 B 76 1
56 B 76 1
58 B 76 1
60 B 76 0
62 B 76 0
66 B 76 1
68 B 76 0
70 B 76 1
72 B 76 0
74 B 76 0
76 B 76 1
78 B 76 0
80 B 76 0
82 B 76 0
84 B 76 0
86 B 76 1
88 B 76 1
90 B 76 1
92 B 76 0
94 B 76 1
96 B 76 1
98 B 76 0
100 B 76 0
2 B 77 0
4 B 77 0
6 B 77 0
8 B 77 0
10 B 77 0
12 B 77 1
14 B 77 1
16 B 77 1
18 B 77 0
20 B 77 0
22 B 77 0
24 B 77 0
26 B 77 1
28 B 77 0
30 B 77 0
32 B 77 0
34 B 77 0
36 B 77 1
38 B 77 1
40 B 77 1
42 B 77 0
44 B 77 0
46 B 77 0
48 B 77 0
50 B 77 0
52 B 77 0
54 B 77 1
56 B 77 0
58 B 77 0
60 B 77 0
62 B 77 0
66 B 77 1
68 B 77 0
70 B 77 0
72 B 77 0
74 B 77 0
76 B 77 0
78 B 77 0
80 B 77 0
82 B 77 1
84 B 77 0
86 B 77 0
88 B 77 0
90 B 77 0
92 B 77 0
94 B 77 0
96 B 77 1
98 B 77 0
100 B 77 1
2 B 78 1
4 B 78 1
6 B 78 1
8 B 78 1
10 B 78 0
12 B 78 0
14 B 78 0
16 B 78 0
18 B 78 1
20 B 78 0
22 B 78 0
24 B 78 0
26 B 78 1
28 B 78 0
30 B 78 0
32 B 78 0
34 B 78 1
36 B 78 0
38 B 78 1
40 B 78 1
42 B 78 1
44 B 78 1
46 B 78 0
48 B 78 0
50 B 78 0
52 B 78 1
54 B 78 1
56 B 78 1
58 B 78 1
60 B 78 0
62 B 78 1
66 B 78 0
68 B 78 1
70 B 78 1
72 B 78 1
74 B 78 1
76 B 78 1
78 B 78 1
80 B 78 1
82 B 78 1
84 B 78 1
86 B 78 1
88 B 78 0
90 B 78 1
92 B 78 1
94 B 78 1
96 B 78 0
98 B 78 1
100 B 78 1
2 B 79 1
4 B 79 1
6 B 79 1
8 B 79 1
10 B 79 1
12 B 79 1
14 B 79 1
16 B 79 0
18 B 79 1
20 B 79 1
22 B 79 1
24 B 79 1
26 B 79 1
28 B 79 0
30 B 79 1
32 B 79 1
34 B 79 1
36 B 79 1
38 B 79 1
40 B 79 1
42 B 79 1
44 B 79 1
46 B 79 1
48 B 79 1
50 B 79 0
52 B 79 1
54 B 79 1
56 B 79 1
58 B 79 0
60 B 79 1
62 B 79 1
66 B 79 1
68 B 79 0
70 B 79 1
72 B 79 1
74 B 79 1
76 B 79 0
78 B 79 0
80 B 79 1
82 B 79 1
84 B 79 0
86 B 79 0
88 B 79 1
90 B 79 1
92 B 79 1
94 B 79 1
96 B 79 1
98 B 79 1
100 B 79 1
2 B 80 1
4 B 80 1
6 B 80 1
8 B 80 1
10 B 80 1
12 B 80 1
14 B 80 1
16 B 80 1
18 B 80 1
20 B 80 1
22 B 80 1
24 B 80 0
26 B 80 0
28 B 80 1
30 B 80 1
32 B 80 1
34 B 80 1
36 B 80 0
38 B 80 1
40 B 80 1
42 B 80 1
44 B 80 1
46 B 80 0
48 B 80 0
50 B 80 1
52 B 80 1
54 B 80 1
56 B 80 1
58 B 80 0
60 B 80 1
62 B 80 1
66 B 80 1
68 B 80 1
70 B 80 1
72 B 80 1
74 B 80 1
76 B 80 0
78 B 80 0
80 B 80 1
82 B 80 1
84 B 80 0
86 B 80 1
88 B 80 1
90 B 80 1
92 B 80 0
94 B 80 1
96 B 80 0
98 B 80 1
100 B 80 0
2 B 81 1
4 B 81 0
6 B 81 1
8 B 81 1
10 B 81 1
12 B 81 1
14 B 81 1
16 B 81 1
18 B 81 0
20 B 81 1
22 B 81 0
24 B 81 0
26 B 81 1
28 B 81 1
30 B 81 1
32 B 81 0
34 B 81 0
36 B 81 0
38 B 81 0
40 B 81 0
42 B 81 0
44 B 81 0
46 B 81 1
48 B 81 1
50 B 81 1
52 B 81 0
54 B 81 0
56 B 81 1
58 B 81 1
60 B 81 1
62 B 81 1
66 B 81 1
68 B 81 1
70 B 81 1
72 B 81 1
74 B 81 1
76 B 81 1
78 B 81 1
80 B 81 1
82 B 81 1
84 B 81 0
86 B 81 0
88 B 81 1
90 B 81 1
92 B 81 0
94 B 81 1
96 B 81 1
98 B 81 0
100 B 81 0
2 B 82 1
4 B 82 0
6 B 82 0
8 B 82 0
10 B 82 0
12 B 82 1
14 B 82 0
16 B 82 1
18 B 82 0
20 B 82 0
22 B 82 0
24 B 82 0
26 B 82 1
28 B 82 1
30 B 82 1
32 B 82 0
34 B 82 0
36 B 82 0
38 B 82 0
40 B 82 0
42 B 82 1
44 B 82 0
46 B 82 0
48 B 82 0
50 B 82 0
52 B 82 0
54 B 82 0
56 B 82 1
58 B 82 0
60 B 82 0
62 B 82 0
66 B 82 0
68 B 82 0
70 B 82 1
72 B 82 0
74 B 82 0
76 B 82 1
78 B 82 1
80 B 82 0
82 B 82 1
84 B 82 0
86 B 82 0
88 B 82 0
90 B 82 0
92 B 82 1
94 B 82 1
96 B 82 0
98 B 82 0
100 B 82 1
2 B 83 0
4 B 83 0
6 B 83 0
8 B 83 0
10 B 83 0
12 B 83 0
14 B 83 0
16 B 83 0
18 B 83 0
20 B 83 0
22 B 83 0
24 B 83 0
26 B 83 1
28 B 83 0
30 B 83 0
32 B 83 1
34 B 83 0
36 B 83 0
38 B 83 0
40 B 83 0
42 B 83 0
44 B 83 0
46 B 83 0
48 B 83 0
50 B 83 0
52 B 83 0
54 B 83 0
56 B 83 0
58 B 83 0
60 B 83 0
62 B 83 0
66 B 83 0
68 B 83 0
70 B 83 0
72 B 83 0
74 B 83 0
76 B 83 0
78 B 83 0
80 B 83 0
82 B 83 0
84 B 83 0
86 B 83 0
88 B 83 0
90 B 83 0
92 B 83 0
94 B 83 0
96 B 83 0
98 B 83 0
100 B 83 0
2 B 84 1
4 B 84 1
6 B 84 1
8 B 84 0
10 B 84 0
12 B 84 0
14 B 84 1
16 B 84 0
18 B 84 0
20 B 84 1
22 B 84 0
24 B 84 1
26 B 84 1
28 B 84 0
30 B 84 1
32 B 84 1
34 B 84 1
36 B 84 0
38 B 84 0
40 B 84 0
42 B 84 1
44 B 84 1
46 B 84 1
48 B 84 1
50 B 84 1
52 B 84 0
54 B 84 1
56 B 84 1
58 B 84 1
60 B 84 1
62 B 84 0
66 B 84 0
68 B 84 0
70 B 84 0
72 B 84 0
74 B 84 1
76 B 84 0
78 B 84 1
80 B 84 1
82 B 84 0
84 B 84 0
86 B 84 1
88 B 84 1
90 B 84 0
92 B 84 1
94 B 84 0
96 B 84 1
98 B 84 1
100 B 84 0
2 B 85 0
4 B 85 1
6 B 85 0
8 B 85 0
10 B 85 0
12 B 85 0
14 B 85 0
16 B 85 0
18 B 85 0
20 B 85 1
22 B 85 0
24 B 85 0
26 B 85 0
28 B 85 0
30 B 85 0
32 B 85 0
34 B 85 0
36 B 85 0
38 B 85 0
40 B 85 0
42 B 85 0
44 B 85 0
46 B 85 0
48 B 85 1
50 B 85 0
52 B 85 0
54 B 85 0
56 B 85 0
58 B 85 0
60 B 85 1
62 B 85 0
66 B 85 0
68 B 85 0
70 B 85 0
72 B 85 0
74 B 85 0
76 B 85 0
78 B 85 0
80 B 85 1
82 B 85 0
84 B 85 0
86 B 85 0
88 B 85 1
90 B 85 0
92 B 85 0
94 B 85 0
96 B 85 1
98 B 85 0
100 B 85 0
2 B 86 1
4 B 86 0
6 B 86 0
8 B 86 1
10 B 86 0
12 B 86 0
14 B 86 1
16 B 86 1
18 B 86 1
20 B 86 1
22 B 86 0
24 B 86 0
26 B 86 0
28 B 86 0
30 B 86 0
32 B 86 0
34 B 86 0
36 B 86 0
38 B 86 0
40 B 86 0
42 B 86 0
44 B 86 0
46 B 86 1
48 B 86 0
50 B 86 0
52 B 86 0
54 B 86 0
56 B 86 0
58 B 86 0
60 B 86 0
62 B 86 0
66 B 86 0
68 B 86 0
70 B 86 0
72 B 86 1
74 B 86 0
76 B 86 1
78 B 86 1
80 B 86 1
82 B 86 1
84 B 86 1
86 B 86 0
88 B 86 0
90 B 86 0
92 B 86 0
94 B 86 1
96 B 86 1
98 B 86 0
100 B 86 1
2 B 87 0
4 B 87 1
6 B 87 0
8 B 87 0
10 B 87 0
12 B 87 1
14 B 87 0
16 B 87 1
18 B 87 1
20 B 87 1
22 B 87 0
24 B 87 1
26 B 87 0
28 B 87 1
30 B 87 0
32 B 87 0
34 B 87 0
36 B 87 1
38 B 87 1
40 B 87 0
42 B 87 0
44 B 87 0
46 B 87 1
48 B 87 1
50 B 87 0
52 B 87 0
54 B 87 1
56 B 87 0
58 B 87 0
60 B 87 0
62 B 87 0
66 B 87 0
68 B 87 0
70 B 87 0
72 B 87 1
74 B 87 0
76 B 87 0
78 B 87 1
80 B 87 0
82 B 87 1
84 B 87 1
86 B 87 0
88 B 87 1
90 B 87 1
92 B 87 1
94 B 87 0
96 B 87 0
98 B 87 0
100 B 87 1
2 B 88 1
4 B 88 1
6 B 88 1
8 B 88 1
10 B 88 1
12 B 88 1
14 B 88 1
16 B 88 1
18 B 88 1
20 B 88 1
22 B 88 1
24 B 88 1
26 B 88 1
28 B 88 1
30 B 88 1
32 B 88 1
34 B 88 1
36 B 88 1
38 B 88 1
40 B 88 1
42 B 88 1
44 B 88 1
46 B 88 1
48 B 88 1
50 B 88 0
52 B 88 0
54 B 88 1
56 B 88 1
58 B 88 1
60 B 88 1
62 B 88 1
66 B 88 1
68 B 88 0
70 B 88 1
72 B 88 1
74 B 88 1
76 B 88 1
78 B 88 1
80 B 88 0
82 B 88 1
84 B 88 1
86 B 88 1
88 B 88 1
90 B 88 1
92 B 88 1
94 B 88 1
96 B 88 1
98 B 88 1
100 B 88 1
2 B 89 1
4 B 89 1
6 B 89 1
8 B 89 1
10 B 89 1
12 B 89 1
14 B 89 1
16 B 89 1
18 B 89 1
20 B 89 1
22 B 89 1
24 B 89 0
26 B 89 1
28 B 89 1
30 B 89 0
32 B 89 0
